10
100
0.01
6
0.72806260754569008 0.73040287530501125 0.72382864758829057 0.75681807626432984 0.72807333919729866 0.68789549204836586 0.67038595479690832 0.66670773781543535 0.66489701019588876 0.65243310326152226 0.027077937351463858 -0.040210893454271278 0.054179450905901143 0.037333358552658451 -0.1420019206249194 -0.05951883185737792 -0.041934998603093562 0.020968089791093089 -0.038575414385493494 0.0040413418605668586 0.20145282655342475 0.1736969745194876 0.22366545646382097 0.11493934428447597 -0.036979336184805332 -0.10605719597625424 -0.11868108421383136 -0.14788124855482435 -0.15878379625876354 -0.18723453683656197 -0.043036765164438669 0.038092828253495137 0.03070169151844173 -0.50009223928112478 -0.28577336355657668 -0.097903002711284021 -0.054116468813365591 -0.053775391581529851 -0.065158316433259519 -0.0084313227034555887 0.41695670360170478 0.40913502029492815 0.4391658025091465 0.33702789730572413 0.32079842292250554 0.36329547101050402 0.36599466074958137 0.3585622846587076 0.36024712828629712 0.36365427429004943 -0.062054917079020867 0.097587811905136587 -0.087310326877160435 -0.25040696782693228 0.10551487679890809 0.044528454810445435 -0.014991992825706726 -0.025501887120913981 0.028796471402441345 -0.018482373084343955
0.00019804108823675691 1.8026211136758735e-05 0.00017947357853970094 0.00027097367278439279 0.0001509807624227402 2.4680756203344302e-05 6.9741637147111786e-05 0.00014133516482863775 3.8562381110133546e-06 1.2802394498154474e-05 0.00044111875250631632 -0.00086764128082386736 0.0013040457617036778 -0.0008576254304594246 0.00031521168490658216 -0.00080984035070641534 0.00094099165842595814 -0.00073505526731687564 0.00031521032640730674 -0.00034303969087117397 -0.00019122240696411191 -0.00014931063934741157 -0.00014650409733976742 7.2043584493276497e-06 -0.00031893333353895755 -2.1545715594142123e-05 -0.00011262919261957838 -1.5167904451732884e-05 1.3851889627199292e-05 9.0862402788731742e-05 0.0006201857510753769 -0.00080814242174524341 0.0012198790971848822 -0.00084155045359537051 0.00073213782996611125 -0.00015143307592059899 0.00049424926862608361 -0.00043103447838109711 0.0010018798828269292 -0.00076836252946735882 -0.00018417347045825968 0.00010372450722179302 -3.2186064006374108e-06 -0.0012179068768929835 -0.00031745162302372561 -0.00044318732675046121 -5.5052736128454174e-05 -0.00014432388671626809 6.7144819696562355e-05 4.3137986698311615e-05 -0.0022284365037101472 0.0037405323953579586 -0.0052382436291574554 0.0016695466064694025 0.00024612314251770174 0.00084845047268106676 8.8067836198127379e-05 0.00046397068578873002 2.7555161118637349e-05 0.00015298595624497474
1.8026211136758735e-05 0.00030915868290745674 -8.6993767468728541e-05 0.00021702052724970793 0.00033861393220466061 0.0005263573806644163 0.0006894451494101016 0.00067791844202705299 0.00068266027376161556 0.00068682796552730317 -0.00023758595287793325 0.00059594309722807676 -0.0012942049515643865 0.0018932791578398359 -0.00075265568147744367 0.0015134526382938193 -0.00056959488627442037 0.00052927547636099281 -0.00045942122535441748 0.00034599601881105731 -0.00013962524104342783 1.1999359792287406e-05 -0.0003521889811366625 0.00051888555097592446 0.00013042730809852254 -0.00042443467713069517 -1.2766051491458008e-05 -0.00029776267646042535 -8.4780477761051462e-05 -0.000141422591003703 0.00011496811051974101 -0.00016967780023012446 -0.00021550379605792333 0.0028440825873863418 -0.0038613039941893536 0.0017481513426934527 -0.0009135021376469526 0.00052478327700330692 -0.00018804026586262092 0.00029129695483068552 0.0002280545624059598 -0.00031765688510009839 0.00036154685622345501 0.00023423314194839331 -0.00070611560798296302 -0.00044328920080383372 -0.00074183283774682568 -0.00048296957895809748 -0.00072900655121984769 -0.00059859179598399171 0.0010615474149185242 -0.0021417071057113321 0.0039421012666919488 -0.0045554759515301088 0.00095883279029061795 -0.0010910473371465146 0.00084998123409536005 -0.00059160240762455433 0.00020917499051198365 -9.8627292911546922e-05
0.00017947357853970094 -8.6993767468728541e-05 0.00032653759896626852 -0.00015282434052499272 -0.000239285035095017 -0.00065646152110540774 -0.00057175909746746425 -0.00064787928353796044 -0.00071304310656832492 -0.00067508023963893933 -6.3450498787909302e-05 -7.4092936097570398e-05 0.00064451970665506701 -0.0017867354020464059 0.00028616678357784646 -0.0015178662605202097 0.0011336004085911455 -0.0011884919984761972 0.00079573129785427113 -0.00056529896252478047 -0.00015580661332945261 -5.380021598934704e-05 -0.00013288051368589933 -0.0002569794710866493 6.7068604831375904e-05 0.000132497800290595 4.443493385663488e-05 -4.4532533042018626e-05 0.00010372178062141278 9.539847973755461e-05 5.4958823700861004e-06 0.00017786400187492081 -0.00048691363579377343 0.00047852927966639535 0.0010410092013442914 -0.00056738078840595514 0.00018472614535143425 -0.00052482828819064081 0.0011189301798755354 -0.00093145638826517944 -0.00021258728840015202 0.0002766775872532325 -0.000405327094286922 -1.5518749376835578e-05 0.00041422836713806148 0.00034518589819184265 0.00064043656495493589 0.00046444887163969256 0.00082382611418369792 0.00065275374105569419 -0.00078873046129042824 0.0015692684686465957 -0.0031022513535421759 0.0040909601267937754 -0.0019143229315850348 0.002204300777974488 -0.0013920068006446924 0.0016569763320651656 -0.00087233021901162334 0.00073455206413471064
0.00027097367278439279 0.00021702052724970793 -0.00015282434052499272 0.0018589553869535289 0.00082455921569152865 0.0015596304033665914 0.0013835746428233668 0.0019205697292169759 0.0013588400482166172 0.0013085399919663151 0.0022678992271434406 -0.0038419029526655856 0.004829407247285711 0.00061358179304469077 -0.00087354895117344776 0.0018957398328867355 1.0510711636989364e-05 0.00071484123645203896 -0.001802318649472223 0.00075540210778525963 -9.7437168771623679e-05 -0.00055079113391409511 0.00023866739605164373 -0.00012177106469821582 -0.0024451607864520181 -5.0407871400782776e-05 -0.00088794650523288583 0.00024700690965330117 -0.00027849358716559982 0.00024892324624804969 0.0027169384930006979 -0.0042101488419269729 0.0070957105532505034 -0.0092509837141107869 0.0048219133264845067 0.0010832725451202763 0.00099033057589162257 0.00079335137098036554 0.00016303884072945516 0.00034433113994228077 -0.00032344700996532672 -8.3335568903905268e-05 0.00097370458858766443 -0.006280641629091803 -0.0016764869927285205 -0.0025183008645674834 -0.0014558125503229453 -0.0016144175858983868 -0.0014808138675471841 -0.0011531396491869627 -0.0084229255048360908 0.013866446578137345 -0.018155767284474173 -0.0017970882668000628 0.0094902765732080511 -0.0047698376723893654 0.0056459441327086236 -0.0041413588588168054 0.0041942996555284278 -0.002527056061167438
0.0001509807624227402 0.00033861393220466061 -0.000239285035095017 0.00082455921569152865 0.0033570499003436655 0.0043149663539586288 0.0050310386941988909 0.0051206469980704722 0.0055517896353228496 0.0051991684069957848 0.00056148241269307706 -0.0007417303639463852 -0.00061757347514518172 0.0063023599355974428 0.0049753980818051579 0.0018324000024050426 0.0013056555704016259 0.00043235961996251833 0.00047533236520641835 -0.00068770964328497086 -0.000629034319507804 0.00017192829259367882 -0.0014344145631843654 0.0035302571619008306 0.0011571730555602266 -0.0015515049839578878 -0.00023801890022754276 -0.00079906736018818948 -0.00020773086397295223 -0.00040887446945295068 0.0027950502098116727 -0.0038170245579630274 0.0041383612181990596 0.010790415959626107 -0.016503044967447637 0.0042754047715155364 -0.0017713399799163033 0.0017938216525078825 -0.0009411284996445825 0.0011767383318406525 -4.341923329962712e-05 -0.00061241685980849584 0.00067796862815854551 -0.0021528734470603887 -0.0057750958243719709 -0.0046050712834696745 -0.004815496469631037 -0.0046339742695849255 -0.0052044587585203589 -0.0050591436142029831 -0.0022541419303772135 0.0029514608771233808 -0.0013454168315802587 -0.01154103429773449 -0.0032323546894275452 0.00377486363058957 -0.0019867686032780207 0.0010883350814930989 -0.0023152058486425662 0.0015093514728597465
2.4680756203344302e-05 0.0005263573806644163 -0.00065646152110540774 0.0015596304033665914 0.0043149663539586288 0.0081751412656594271 0.0089597249055863564 0.010019805923348696 0.010320792276148499 0.010297497507849291 0.0017039805550850768 -0.0023637109838025275 0.00083187053471711712 0.0075979073114782721 0.0092939038517246067 0.0073372502802011167 0.00048146057125896717 0.0035381230292011894 -0.0010901214470814729 0.00065359161762965393 -0.0010438032820167004 0.00013276778636156053 -0.0019705053713401526 0.0037731277592224673 0.00059671908098176882 -0.00092600544032079212 -0.0016556253588058927 -0.0010214397083498472 -0.0014138420039309103 -0.00081007227128682276 0.0035340347712537181 -0.0047540216218223096 0.0056025633717597025 0.0088588853377342281 -0.015636615079082174 0.0032530416352634316 -0.0051057418312947037 0.0051056548302762621 -0.0046724328066502533 0.0045843160887929233 0.00033484067492725166 -0.0010379892178910433 0.0015882390309371315 -0.0036280377413897449 -0.0062126748233719371 -0.0080205985599358827 -0.0085337950930401973 -0.0088601770195588254 -0.010258584291868097 -0.0098860279150232207 -0.0030834041568451663 0.003936785301023548 -0.001585087029905215 -0.016727030410623376 -0.0009629616664703479 -0.0072157255264121223 0.0036248973655541553 -0.0064458222326035739 0.00092962882577661337 -0.00058101445418471103
6.9741637147111786e-05 0.0006894451494101016 -0.00057175909746746425 0.0013835746428233668 0.0050310386941988909 0.0089597249055863564 0.013366801808790782 0.013529277114985541 0.014586517599956392 0.014563494074410386 0.00026188718053473493 5.4495021251086617e-05 -0.0026962483412962777 0.011756529165737942 0.0072559046279078868 0.014818150521184648 0.0049102127554841845 0.0005190760655665094 0.002460722026681465 -0.0012773453363221622 -0.0014384181153981055 0.00076036003735372414 -0.0029366800648626301 0.0045086009836615391 0.0011709141180242593 -0.0019446199142203592 -0.0013473669703464284 -0.002515734578583566 -0.0019415950182423653 -0.0018844756627414733 0.0022185979859949824 -0.0020910818057468454 -0.00023964194239542447 0.019894033267306641 -0.02776602551308905 0.010301863431560934 -0.010342623839055713 0.006338905684532708 -0.0055139187602347966 0.0055009952043627904 0.00052124849140294598 -0.0011727239528949854 0.0014173845956195737 -0.0017380733795878992 -0.0062942353279027731 -0.007545522259934022 -0.013439901926831716 -0.011490080562976719 -0.014856462706723875 -0.014151556061883933 0.0014888767106841169 -0.0035610552744254217 0.0087563117935890392 -0.023298049734347997 0.003112014761162951 -0.01807091061366194 -0.00043159819748547236 -0.0024730394031011256 -0.0054638713883394651 0.0028922847800957651
0.00014133516482863775 0.00067791844202705299 -0.00064787928353796044 0.0019205697292169759 0.0051206469980704722 0.010019805923348696 0.013529277114985541 0.01616672358652612 0.015308098814628374 0.016287398283615778 0.0025412962008685668 -0.0035953363797373728 0.0020694315168786523 0.0077446822360083328 0.012127886597288482 0.010506552237539268 0.010904167020024495 -0.00044715428464018106 0.0012034726225624885 -0.00029063254850927465 -0.0012334046951142479 0.00016715023474866866 -0.0023303739771230016 0.00411385729750092 0.00025629055031802374 -0.001147929662396394 -0.002295405280962975 -0.0019222845191972752 -0.00277341732263419 -0.0016321489117350663 0.0043227382634546813 -0.0059300803134151548 0.0068828922580568821 0.0084735164135529908 -0.017226964986771794 0.0038637077425950866 -0.0065699567473555117 0.0040896104358511248 -0.0048567539145904417 0.0056903793230025897 0.00053781649820171305 -0.0013489185578746438 0.0021353966999357668 -0.0044431776226653398 -0.0055324522625786431 -0.0092720182831985964 -0.013063056576414595 -0.013999249105140856 -0.015368560623568136 -0.016049624084334631 -0.0046767161987541044 0.0062307163890226421 -0.0038767812099073386 -0.016718762395900647 0.0015167605862050257 -0.017090945257190442 -0.0026489790039283439 -0.0039593292189418743 -0.0035942330872957107 0.0013898456530571891
3.8562381110133546e-06 0.00068266027376161556 -0.00071304310656832492 0.0013588400482166172 0.0055517896353228496 0.010320792276148499 0.014586517599956392 0.015308098814628374 0.016804382802329682 0.01662056027693903 0.0004917776652922218 -0.00028147775857434763 -0.0025825104240521611 0.012278024534995154 0.0098070149667010137 0.015430268255951054 0.0048938205688799936 0.002852700921847182 0.002277722536158678 -0.0014014376344138729 -0.0016201903657602212 0.00088003005288868113 -0.0032253153072383726 0.005321072967420514 0.0021905684110667687 -0.0014973420640176504 -0.0013385753436385628 -0.0026824295515311728 -0.0020460994856110284 -0.0022803451684115022 0.0020544802409276888 -0.0016774094484012705 -0.00061630156865805379 0.023547234334596986 -0.030919633257609186 0.010297958619146503 -0.01311023871656849 0.0081951414600595386 -0.0078216076625156859 0.0066945843750982744 0.00060873806852741372 -0.0012807035653267993 0.0014841159773484819 -0.0014337270931501643 -0.0069237265318982033 -0.0093515127842240496 -0.01495495115511692 -0.013126869174678752 -0.017067089684205099 -0.016017990831725611 0.0018788062314001282 -0.0043389755751448832 0.010080208672418583 -0.024754826013319513 -0.00012488736358638258 -0.019856934428201991 0.0015734033191106677 -0.0052373902188232657 -0.0047325666982303933 0.0028165788922352559
1.2802394498154474e-05 0.00068682796552730317 -0.00067508023963893933 0.0013085399919663151 0.0051991684069957848 0.010297497507849291 0.014563494074410386 0.016287398283615778 0.01662056027693903 0.017428673709860967 0.0011157642850096023 -0.0012447562923462746 -0.0011717245033467981 0.0098523721914802759 0.011633705966042889 0.013443906160982535 0.0088590963742211804 0.00052574590508115248 0.0029675807320449191 -0.001085202180296733 -0.001513204061851065 0.00046277537447461263 -0.0028524843933304348 0.0040877810661842989 0.0016124174797103954 -0.001221358155192686 -0.0019472532474699321 -0.0023031238171550101 -0.002791361539866585 -0.0019344288776065781 0.002651624866844688 -0.0029472098894328738 0.0016864077761941964 0.015759665627703586 -0.021946914839386992 0.0041710600045249367 -0.0080553049694728936 0.003990500252770408 -0.0049528426437545278 0.0053782759222945576 0.00079694252303910457 -0.0013992439506870637 0.0018473863540967913 -0.0015918314243248079 -0.0052738599746190119 -0.009007976280861486 -0.014503605237237777 -0.014288698752712888 -0.016899622117491023 -0.016958995910047587 0.00059123122361724604 -0.0023470221220724644 0.0076597216214177449 -0.020912953386565195 -0.00014689159028163749 -0.020871591473509456 -0.0016688590674296035 -0.0046427698489107739 -0.0045509264136653349 0.0021085581653170716
0.00044111875250631632 -0.00023758595287793325 -6.3450498787909302e-05 0.0022678992271434406 0.00056148241269307706 0.0017039805550850768 0.00026188718053473493 0.0025412962008685668 0.0004917776652922218 0.0011157642850096023 0.0065705809367303768 -0.010770343004841169 0.014125644090288462 -0.0081653108916372227 0.0064254764045933626 -0.0072734054219569817 0.0071323770791665748 -0.003515760570396233 0.00027687735555225693 -0.0011113949733802346 0.00042774579839983484 -0.0016439715994897054 0.0015912132131635733 -0.00095014520628562281 -0.0035811405160140562 0.00098339116922891356 -0.0012841101186920824 0.0012283476344845795 -0.00057941785368754311 0.00088503207649375155 0.0051867830696005869 -0.0096159080820104586 0.018519435125198453 -0.028320841317897787 0.022377223136802262 -0.010086474289870485 0.010316493347937552 -0.007063759933798635 0.0065360197599074327 -0.0047448241168601074 -0.0006191324541602412 0.00016541090995209157 0.001540547405809056 -0.010075419086409116 -0.0006746544168039168 -0.0032103029209452957 -0.00012154190673999896 -0.0020828156452084596 -0.00072224636216587147 -0.00098590775582452976 -0.018624583550611615 0.03027471923921915 -0.03975524169505202 0.010449610246524622 0.008226789376632954 -0.00098443976350072633 0.0031148605182575897 -0.0032736896569630033 0.0041197482782164806 -0.0021112425703143814
-0.00086764128082386736 0.00059594309722807676 -7.4092936097570398e-05 -0.0038419029526655856 -0.0007417303639463852 -0.0023637109838025275 5.4495021251086617e-05 -0.0035953363797373728 -0.00028147775857434763 -0.0012447562923462746 -0.010770343004841169 0.018165704123926051 -0.024464210201939448 0.014544552835869706 -0.010046732495671755 0.012450636686369771 -0.011587755269951835 0.0058263417182263886 -0.0004825091093488885 0.0018952909307029134 -0.00050117079834018736 0.0027172087181283064 -0.0026081610360412077 0.0021193962145780762 0.0065026279225533579 -0.0019175523850003188 0.0023277620832722898 -0.002277089854598608 0.0008917714684456079 -0.0016281566429269191 -0.0088470991067412727 0.015714633106771653 -0.030357234481881643 0.04871187344612618 -0.039872272972562094 0.016972807766082072 -0.017145981837417185 0.011080615508823131 -0.010543209795411762 0.0077404297958526685 0.0013059733695259543 -0.0005462907137774002 -0.0023004397078022617 0.017779560024166544 0.0008357478100817382 0.0052731212913592722 -0.00025110068540041706 0.003088057463815826 0.00051307289988949869 0.001030379582788028 0.032418774891363231 -0.053263901667518959 0.071170929700519511 -0.020331319126822012 -0.014586557640548961 0.0014619264855649592 -0.0057210478863992517 0.0052107698826836845 -0.0073920713410979754 0.0038383620743793162
0.0013040457617036778 -0.0012942049515643865 0.00064451970665506701 0.004829407247285711 -0.00061757347514518172 0.00083187053471711712 -0.0026962483412962777 0.0020694315168786523 -0.0025825104240521611 -0.0011717245033467981 0.014125644090288462 -0.024464210201939448 0.035009476209740584 -0.02457782696426412 0.011860209868271701 -0.018588667632694549 0.015757391309131778 -0.0087375153872702883 0.00082872818324900011 -0.0025673712706882059 0.00073624983367743678 -0.0036840308397386445 0.0040177379894591192 -0.0049680247690734895 -0.0098352093574883802 0.00375445781281221 -0.003401148417129816 0.0035534039720899928 -0.0010660017934919846 0.0025755426553439611 0.011403025766659526 -0.019885849399033168 0.038971551333147898 -0.071489814377132352 0.064046654699275299 -0.024734186812646511 0.022841550509032783 -0.014260922805810913 0.014138597928249052 -0.010471116193630349 -0.0022546104094099415 0.0015927062145038506 0.0020538006689594245 -0.024422370562455373 0.0017709742907117318 -0.0051551891293023424 0.003089855347911626 -0.002131434070582864 0.0023689006718707918 0.0012233623708944889 -0.045014880181780952 0.075256012433525823 -0.10449127790848832 0.039336032459636974 0.020054642500816563 -0.001485314961160754 0.0071555035504738476 -0.0061927802786179093 0.010817821408068924 -0.0056121931546626574
-0.0008576254304594246 0.0018932791578398359 -0.0017867354020464059 0.00061358179304469077 0.0063023599355974428 0.0075979073114782721 0.011756529165737942 0.0077446822360083328 0.012278024534995154 0.0098523721914802759 -0.0081653108916372227 0.014544552835869706 -0.02457782696426412 0.035995537278235068 -0.011249158369570354 0.02822351470692129 -0.017253846161833633 0.013057213975568249 -0.0056981904079124969 0.004233181555506108 -0.0010028207051805194 0.0026964134395552029 -0.0040115770164776262 0.0083439903884600774 0.0050204716874451012 -0.0055583256711466784 0.0013320785069267356 -0.0034457001373114737 0.00031909481929195754 -0.0024374291963916998 -0.0026302062699203265 0.0064760763651482527 -0.017285359466760245 0.057752162486092946 -0.070395492219009523 0.033259068238191539 -0.0226682503963394 0.019313619774828192 -0.017668747325708573 0.014986376664038322 0.0013536836645202249 -0.0023421721159940672 0.00096792206869951382 0.0067695480251957043 -0.012227280296421271 -0.0055557510202362947 -0.012319834684790689 -0.0063163149545992815 -0.012067677255661338 -0.0094305059010030452 0.022972793310767028 -0.039469653378326162 0.060270874298316686 -0.05940711603211643 0.0032739805848037104 -0.0093185481408498971 0.0067303418485774938 -0.0045310665891659212 -0.0021167980876991457 -0.00015752372268848725
0.00031521168490658216 -0.00075265568147744367 0.00028616678357784646 -0.00087354895117344776 0.0049753980818051579 0.0092939038517246067 0.0072559046279078868 0.012127886597288482 0.0098070149667010137 0.011633705966042889 0.0064254764045933626 -0.010046732495671755 0.011860209868271701 -0.011249158369570354 0.036384976294774676 -0.019225221070458456 0.019740029995391584 -0.0079078756060028624 0.0081044549190649028 -0.0058053481369167922 -0.00097176121231732249 -0.0010515928660901552 -0.0014112304309670672 0.004613248340031453 0.0044937846969116688 0.00067509751810299978 -0.0015013383654667522 -9.4881557936140026e-05 -0.0017567576953331646 -7.6396705889681063e-05 0.0072085725128795174 -0.011844828563279021 0.018917126959215047 -0.0026473351925714603 0.0039643965252896133 -0.024667562551015446 0.013458240292260944 -0.013773146920341 0.011574136954502509 -0.0091169564826149452 -9.4984346157919058e-05 -0.00051428553871698927 0.00082461545989862537 -0.0022136233592198514 -0.0053124192986771322 -0.0097115597482957464 -0.0050584560916234079 -0.011594124080993848 -0.0088874451989093464 -0.01150967448873161 -0.012539572829999996 0.018739078179832926 -0.02174709434903703 0.013019403989777236 -0.033147026692565335 0.020780668945190102 -0.01772510268097445 0.0048740367005302033 -0.0088432188471642276 0.0069325470155397906
-0.00080984035070641534 0.0015134526382938193 -0.0015178662605202097 0.0018957398328867355 0.0018324000024050426 0.0073372502802011167 0.014818150521184648 0.010506552237539268 0.015430268255951054 0.013443906160982535 -0.0072734054219569817 0.012450636686369771 -0.018588667632694549 0.02822351470692129 -0.019225221070458456 0.049676813852030863 -0.020275152141047449 0.016751124141922497 -0.0076342092010298433 0.0065781217792744507 -0.0016176120221935034 0.0030934612017237844 -0.00353014122403682 0.0012442461959910334 -0.0019890807520453299 -0.0017001911185492093 -0.0017797602634360256 -0.0040607999220307594 -0.0021836535876812182 -0.0034407482403143899 -0.0077374963311604887 0.015681267614558417 -0.029793419786989975 0.039123676502413281 -0.045189719006774293 0.040898936777186166 -0.039885616071638222 0.0325011342672007 -0.029004544293784074 0.024547132927260702 0.0014472741329540437 -0.0014939276531078778 0.00099501232708198604 0.0033629495205138968 -0.0023493091408749445 -0.0036507497248400777 -0.016614879345360777 -0.0076491515496861723 -0.017397984348909865 -0.012644326116431922 0.023610074581712551 -0.038508305646267192 0.053164101310129989 -0.052936870805813913 0.034714618034196794 -0.061635002208050765 0.02851275320038104 -0.023459989002388746 0.0073384757126677327 -0.0061799217747108793
0.00094099165842595814 -0.00056959488627442037 0.0011336004085911455 1.0510711636989364e-05 0.0013056555704016259 0.00048146057125896717 0.0049102127554841845 0.010904167020024495 0.0048938205688799936 0.0088590963742211804 0.0071323770791665748 -0.011587755269951835 0.015757391309131778 -0.017253846161833633 0.019740029995391584 -0.020275152141047449 0.044799110005217781 -0.02658031763347847 0.015587640992239535 -0.0099261819451153515 0.00053008101864364561 -0.0018637278008061375 0.0012093170554703687 -0.00013890647879316709 -0.00058217218328904437 -0.0005040258056491474 -0.00013345687518490705 -0.00064222370590222137 -0.0024034432668251409 -0.00024570361422093741 0.0082591913578571943 -0.014762550223813561 0.023522326282014592 -0.027102898765779575 0.024048831255604728 -0.022773621136932744 0.024775310436709611 -0.029820649203782371 0.025437672085424266 -0.018172536710530249 -0.0004805400502691325 9.1668632302499588e-05 0.0010486095025516132 -0.0057929575565866913 0.0030705511364892369 -0.00026456872412685122 -0.0036282875633729342 -0.0095649736484609872 -0.0045029356063601136 -0.0097908220433349825 -0.02117272928274681 0.033657996894159332 -0.043654256855197825 0.032189831468639726 -0.0087220756258204503 0.0074344584126730092 -0.038217185520220583 0.024979768221907627 -0.021504165215728038 0.012765668655199541
-0.00073505526731687564 0.00052927547636099281 -0.0011884919984761972 0.00071484123645203896 0.00043235961996251833 0.0035381230292011894 0.0005190760655665094 -0.00044715428464018106 0.002852700921847182 0.00052574590508115248 -0.003515760570396233 0.0058263417182263886 -0.0087375153872702883 0.013057213975568249 -0.0079078756060028624 0.016751124141922497 -0.02658031763347847 0.024019722417160449 -0.015052874353912537 0.0097083820764133997 -0.0005860811315958872 0.0014622902700109342 -0.001146413128690468 0.0018312983280851266 0.0008071724839398244 0.0016639322425177844 -0.0011652004728067047 0.00036099768751666046 0.00038379934379375636 -0.00072870908343107836 -0.0047895242029211398 0.0089122541179868266 -0.013309935893240277 0.020029289669720163 -0.020373003337521216 0.017578627117764711 -0.025750845712614604 0.029192116920077543 -0.028588802652844855 0.021496546018499332 0.00047890004774767472 -0.00050002209634567485 -9.0687576693272882e-05 0.0020679102091306217 -0.0031414214131557983 -0.0049139732678514765 -0.0014981131117185863 0.00030334693813936851 -0.0029215342541300425 0.00018591150454683219 0.012001537250603525 -0.019274275155625849 0.025363136140835817 -0.024331188130004931 0.0030985997629440136 -0.012912345400496439 0.029790252012946602 -0.025686568161487146 0.01922373904555677 -0.011972540254081022
0.00031521032640730674 -0.00045942122535441748 0.00079573129785427113 -0.001802318649472223 0.00047533236520641835 -0.0010901214470814729 0.002460722026681465 0.0012034726225624885 0.002277722536158678 0.0029675807320449191 0.00027687735555225693 -0.0004825091093488885 0.00082872818324900011 -0.0056981904079124969 0.0081044549190649028 -0.0076342092010298433 0.015587640992239535 -0.015052874353912537 0.017383193379864569 -0.011771282849350652 -0.00055089639671766593 -0.00038665012620500434 -0.00082008399390414398 -2.0834138635947327e-05 0.0036464426770094985 -0.0012383220207429924 0.0024042183028724026 -0.0015962622406269806 0.000422248006822569 -0.00066624809858712244 0.00042863115360185553 -0.00053753482537700079 -0.0007672669410361989 0.0070870030599961267 -0.00063179576717044814 -0.011375678860613166 0.013901883032883934 -0.022493342489984549 0.023250102072748545 -0.020719411354988934 0.00010224727212351992 0.00037342291530525427 -0.0005222858518666041 0.003881950329666413 0.0012897589596513968 0.0024257177203139768 -0.0031581073242992973 -0.0011554735989320727 -0.0026927488358191257 -0.0025817173433429668 0.00044402978921436419 -0.0010851441162236049 0.0021782989830039347 0.0091528851964405716 -0.010093087741536166 0.0033255375887544995 -0.018356369210116678 0.01750470001658036 -0.018520668726466967 0.01350960338405149
-0.00034303969087117397 0.00034599601881105731 -0.00056529896252478047 0.00075540210778525963 -0.00068770964328497086 0.00065359161762965393 -0.0012773453363221622 -0.00029063254850927465 -0.0014014376344138729 -0.001085202180296733 -0.0011113949733802346 0.0018952909307029134 -0.0025673712706882059 0.004233181555506108 -0.0058053481369167922 0.0065781217792744507 -0.0099261819451153515 0.0097083820764133997 -0.011771282849350652 0.0093263409964442993 0.00040182218884678346 0.00022447449025557513 0.00065330367592123797 -0.0012574391777918136 -0.0025237848031096754 0.0008440325596436347 -0.0021586315210423471 0.0013417850755928183 -0.0010814017094300972 0.00069764020373840345 -0.0013480199812919125 0.0019389393922108673 -0.0020193991714118459 -0.0068019656759528251 0.00464874890372898 0.0042726754740861879 -0.006765524940969523 0.013631745397362035 -0.015963533901527872 0.015595429205448763 0.00023158312265486022 -0.0004681727321963779 0.0003669312647544783 -0.0006628780730866628 0.00069758662591071512 -0.00076512818382307765 0.0020345878333507361 -0.00016811813083291753 0.0015739498786813816 0.00066615176995624928 0.0033401481836685732 -0.0052067038668648438 0.0065910928103551595 -0.0072780556037783124 0.0074115340815394497 -0.0057858024219726916 0.01076111792565128 -0.012640567433458051 0.013753805740077405 -0.011103000264717881
-0.00019122240696411191 -0.00013962524104342783 -0.00015580661332945261 -9.7437168771623679e-05 -0.000629034319507804 -0.0010438032820167004 -0.0014384181153981055 -0.0012334046951142479 -0.0016201903657602212 -0.001513204061851065 0.00042774579839983484 -0.00050117079834018736 0.00073624983367743678 -0.0010028207051805194 -0.00097176121231732249 -0.0016176120221935034 0.00053008101864364561 -0.0005860811315958872 -0.00055089639671766593 0.00040182218884678346 0.0014162340990325018 -0.0006144976446373398 0.0022098605199697518 -0.0013654313136509766 4.668439459425796e-05 0.00035010861649683634 0.00047296892431153886 0.00046009180938959905 0.00020312633576995837 0.00019361513053385232 0.00014555435163044535 -0.0017439877480204809 0.004871496495977512 -0.012416522952425976 0.011950812816324902 -0.0071653652494086733 0.0064425870973413091 -0.0054478440369244187 0.0033879546821288572 -0.0022953153840012358 -0.0002920328416661245 0.00036400041353067364 -0.00045251051402871574 0.0001209592016187789 0.0017813968491920749 0.0011825870725246967 0.0018085287782275178 0.00089962529790113218 0.0014917676488352049 0.0011613133939251004 -0.0012826746281574129 0.0025884587855680452 -0.004552150856322411 0.007488772903051037 -0.0016378881662499644 0.0020458268429225353 -0.0022041089373128877 0.00029192249189249485 0.00032322199811568662 -0.00041685516174952235
-0.00014931063934741157 1.1999359792287406e-05 -5.380021598934704e-05 -0.00055079113391409511 0.00017192829259367882 0.00013276778636156053 0.00076036003735372414 0.00016715023474866866 0.00088003005288868113 0.00046277537447461263 -0.0016439715994897054 0.0027172087181283064 -0.0036840308397386445 0.0026964134395552029 -0.0010515928660901552 0.0030934612017237844 -0.0018637278008061375 0.0014622902700109342 -0.00038665012620500434 0.00022447449025557513 -0.0006144976446373398 0.0018875427633205145 -0.0016777436474426329 0.0017809337972230514 0.00092859865428989591 -0.00069209173895128356 0.00059065719445307633 -0.00089360777643217467 0.00019030131174365252 -0.00050542799089187986 -0.0030778981844323382 0.0063062885590937411 -0.012484832306516896 0.019932153553770929 -0.019090342778410478 0.012816130977652693 -0.010188779707427554 0.0070651809754248441 -0.0055301366944701226 0.0043137260300874156 0.00017465214166580026 -0.00030915063321795778 -0.00043216561990563315 0.0028951951238575259 -0.0015044146086307299 0.00034183459471247014 -0.0012466590473101911 6.2016155909451687e-05 -0.0010065707170124197 -0.00054939454706383524 0.006570981540389269 -0.011070165508359165 0.015284508522411538 -0.0083025769758883605 -0.0009731386762052022 -0.00030952032461108381 -0.00037071952400680332 0.00079428200536910316 -0.0015733103022868569 0.00078705379396565745
-0.00014650409733976742 -0.0003521889811366625 -0.00013288051368589933 0.00023866739605164373 -0.0014344145631843654 -0.0019705053713401526 -0.0029366800648626301 -0.0023303739771230016 -0.0032253153072383726 -0.0028524843933304348 0.0015912132131635733 -0.0026081610360412077 0.0040177379894591192 -0.0040115770164776262 -0.0014112304309670672 -0.00353014122403682 0.0012093170554703687 -0.001146413128690468 -0.00082008399390414398 0.00065330367592123797 0.0022098605199697518 -0.0016777436474426329 0.0043784227881285545 -0.0041310310608055683 -0.00066053683831896501 0.0010443337819363015 0.00032711977402150001 0.0012337194650625907 0.00026299521107689243 0.0006382614896320518 -0.00033409307129024784 -0.0017906556425800984 0.0087533897205012371 -0.028137478384852962 0.030169155629283628 -0.017317559299460699 0.014411940375276155 -0.010952797260492832 0.0074658724295326899 -0.0053330066508485135 -0.00070309659195586557 0.00082260240097134366 -0.00069345013742661118 -0.0018876905225233757 0.0039188788468526199 0.0016341063289677981 0.0035969889949056147 0.0015409336607133657 0.0030514353697444581 0.0023680421780919551 -0.0053210851552627841 0.0099650290365650412 -0.016171875845890832 0.016314347264837614 9.053237550965887e-05 0.00085411805151432542 -0.00068528453057967761 -0.0019243569846885908 0.0033007454982391031 -0.002502748918622507
7.2043584493276497e-06 0.00051888555097592446 -0.0002569794710866493 -0.00012177106469821582 0.0035302571619008306 0.0037731277592224673 0.0045086009836615391 0.00411385729750092 0.005321072967420514 0.0040877810661842989 -0.00095014520628562281 0.0021193962145780762 -0.0049680247690734895 0.0083439903884600774 0.004613248340031453 0.0012442461959910334 -0.00013890647879316709 0.0018312983280851266 -2.0834138635947327e-05 -0.0012574391777918136 -0.0013654313136509766 0.0017809337972230514 -0.0041310310608055683 0.0091652915255941089 0.0021725476140044405 -0.0018241889070439094 0.00072338866991683278 -0.0016848714651000992 0.00056018807088907389 -0.0013664807305582233 0.0045752370246670898 -0.0062976674830915493 0.0038161555058854419 0.030887308047963323 -0.044847309480204871 0.021590595408818886 -0.016000242523731702 0.011414482492330949 -0.0084552701888693307 0.0048025147850927615 0.0004799043737547881 -0.0009861163916998184 0.00043979287270520551 0.0022874323696162316 -0.0078646309977855357 -0.0034627243962357633 -0.0046540585619128973 -0.0026046101160894781 -0.0047769436442832011 -0.0037764995476603593 0.0050420481672977177 -0.0099168731814021291 0.017105113206326225 -0.019700240411638089 -0.0084775055345223081 0.0098623649971699041 -0.0038518315763692206 0.0042261006008975288 -0.0067767109209768573 0.0050809507820620018
-0.00031893333353895755 0.00013042730809852254 6.7068604831375904e-05 -0.0024451607864520181 0.0011571730555602266 0.00059671908098176882 0.0011709141180242593 0.00025629055031802374 0.0021905684110667687 0.0016124174797103954 -0.0035811405160140562 0.0065026279225533579 -0.0098352093574883802 0.0050204716874451012 0.0044937846969116688 -0.0019890807520453299 -0.00058217218328904437 0.0008071724839398244 0.0036464426770094985 -0.0025237848031096754 4.668439459425796e-05 0.00092859865428989591 -0.00066053683831896501 0.0021725476140044405 0.011735852755160482 -0.0022728584370179401 0.0040842897072624713 -0.0017954908269734759 0.0012787270051680642 -0.0012687251906194578 -0.0079891270268634944 0.012903749614286761 -0.02062914163862313 0.043260480073012239 -0.027190472864471796 -0.0088187424712690612 0.0054779529622146035 -0.011295138210387242 0.0076371740748618321 -0.0070325724426692025 -0.00014906377733863379 0.00052375656996745323 -0.0026518643815573186 0.010501521867655376 -0.00066682242946868497 -0.0018099676430099764 -0.00062482886946952699 -0.0010214698215418644 -0.00090891063364298983 -0.0018322890265582924 0.011453947777760298 -0.018862564736756831 0.024074593377327893 0.0079085987608571284 -0.036524963756566498 0.01794327307605572 -0.0096865559932570264 0.0080179508437184729 -0.0085548903665688195 0.0049692623953336828
-2.1545715594142123e-05 -0.00042443467713069517 0.000132497800290595 -5.0407871400782776e-05 -0.0015515049839578878 -0.00092600544032079212 -0.0019446199142203592 -0.001147929662396394 -0.0014973420640176504 -0.001221358155192686 0.00098339116922891356 -0.0019175523850003188 0.00375445781281221 -0.0055583256711466784 0.00067509751810299978 -0.0017001911185492093 -0.0005040258056491474 0.0016639322425177844 -0.0012383220207429924 0.0008440325596436347 0.00035010861649683634 -0.00069209173895128356 0.0010443337819363015 -0.0018241889070439094 -0.0022728584370179401 0.0051291336321977379 -0.0022621097385054447 0.0023566279307061632 -0.0012394265954845001 0.00066427474985327948 0.0033994504928398571 -0.0060371882030497617 0.010704986129203856 -0.0238647637592488 0.027420265178504221 -0.011681164496279609 -0.00214038332675802 0.0040961268847229081 -0.0068999306288550447 0.0047688404353822761 -3.1065220759155898e-05 0.00064122043610573569 -4.1977411684577407e-06 -0.0013776528322672716 0.0060943667173047125 0.0013304303578840992 0.0023656229156780121 0.0011910561747598793 0.0014248608791761225 0.0015849377019625905 -0.0043671716684162169 0.0079264250194136295 -0.013379557403496709 0.016761275671767568 0.0024591302426770724 -0.010011280301818725 0.0052519957261657835 -0.0056148541461086676 0.0034243800916127125 -0.0010705049307476522
-0.00011262919261957838 -1.2766051491458008e-05 4.443493385663488e-05 -0.00088794650523288583 -0.00023801890022754276 -0.0016556253588058927 -0.0013473669703464284 -0.002295405280962975 -0.0013385753436385628 -0.0019472532474699321 -0.0012841101186920824 0.0023277620832722898 -0.003401148417129816 0.0013320785069267356 -0.0015013383654667522 -0.0017797602634360256 -0.00013345687518490705 -0.0011652004728067047 0.0024042183028724026 -0.0021586315210423471 0.00047296892431153886 0.00059065719445307633 0.00032711977402150001 0.00072338866991683278 0.0040842897072624713 -0.0022621097385054447 0.0038332697425371536 -0.001542693470590398 0.0021505425160132769 -0.0008392340214536956 -0.0040003607876336091 0.0063446991719208643 -0.0099352117149744072 0.018309957078476959 -0.015529894363636892 0.0046436967382942704 0.0022423918755577936 -0.0077080862667539439 0.0080049139439115468 -0.0079966875492218561 -0.00044772899500748845 0.00056701642243828763 -0.0014917675455236323 0.0037916897730959731 -0.0010459660094531509 0.0010579275658280656 0.0010820221304285577 0.0019138897937369236 0.0015939724060816593 0.0018477739068578282 0.0044135706901965747 -0.006844157406293413 0.0082983353859185146 0.0021189534178569047 -0.010243133509359641 0.0099483762042535655 -0.0044904490764147466 0.0045880516644994408 -0.0030674638053710423 0.0017677386628497857
-1.5167904451732884e-05 -0.00029776267646042535 -4.4532533042018626e-05 0.00024700690965330117 -0.00079906736018818948 -0.0010214397083498472 -0.002515734578583566 -0.0019222845191972752 -0.0026824295515311728 -0.0023031238171550101 0.0012283476344845795 -0.002277089854598608 0.0035534039720899928 -0.0034457001373114737 -9.4881557936140026e-05 -0.0040607999220307594 -0.00064222370590222137 0.00036099768751666046 -0.0015962622406269806 0.0013417850755928183 0.00046009180938959905 -0.00089360777643217467 0.0012337194650625907 -0.0016848714651000992 -0.0017954908269734759 0.0023566279307061632 -0.001542693470590398 0.0031662404899237316 -0.001246225185710796 0.0016241154823738149 0.0031485283371451189 -0.0057925852507751622 0.010615446691631532 -0.021581710546613671 0.023369896392109648 -0.013885367192940173 0.010672530718783636 -0.0042993050630336944 -0.0017805910902559587 0.0029989084359125237 -6.0459640715500988e-06 8.853644929449078e-05 0.00063777552558883486 -0.002942019041981124 0.0025960234824771665 0.00082830342890474436 0.0028163180580187577 0.001550334620858445 0.0027377678699524715 0.0024662860137566671 -0.0058897269258547961 0.0096986367907809391 -0.013350087460732274 0.0075602603771564979 0.0055902012707552988 -0.0019376176837479699 0.0035082725281006901 -0.0030101563534102689 0.0041751240913774417 -0.002333815024783492
