2.78149e-307 5.11798e-307 0
0.000166667 5.11798e-307 0
0.000333333 5.11798e-307 0
0.0005 5.11798e-307 0
0.000666667 5.11798e-307 0
0.000833333 5.11798e-307 0
0.001 5.11798e-307 0
0.00116667 5.11798e-307 0
0.00133333 5.11798e-307 0
0.0015 5.11798e-307 0
0.00166667 5.11798e-307 0
0.00183333 5.11798e-307 0
0.002 5.11798e-307 0
0.00216667 5.11798e-307 0
0.00233333 5.11798e-307 0
0.0025 5.11798e-307 0
0.00266667 5.11798e-307 0
0.00283333 5.11798e-307 0
0.003 5.11798e-307 0
0.00316667 5.11798e-307 0
0.00333333 5.11798e-307 0
0.0035 5.11798e-307 0
0.00366667 5.11798e-307 0
0.00383333 5.11798e-307 0
0.004 5.11798e-307 0
0.00416667 5.11798e-307 0
0.00433333 5.11798e-307 0
0.0045 5.11798e-307 0
0.00466667 5.11798e-307 0
0.00483333 5.11798e-307 0
0.005 5.11798e-307 0
0.00516667 5.11798e-307 0
0.00533333 5.11798e-307 0
0.0055 5.11798e-307 0
0.00566667 5.11798e-307 0
0.00583333 5.11798e-307 0
0.006 5.11798e-307 0
0.00616667 5.11798e-307 0
0.00633333 5.11798e-307 0
0.0065 5.11798e-307 0
0.00666667 5.11798e-307 0
0.00683333 5.11798e-307 0
0.007 5.11798e-307 0
0.00716667 5.11798e-307 0
0.00733333 5.11798e-307 0
0.0075 5.11798e-307 0
0.00766667 5.11798e-307 0
0.00783333 5.11798e-307 0
0.008 5.11798e-307 0
0.00816667 5.11798e-307 0
0.00833333 5.11798e-307 0
0.0085 5.11798e-307 0
0.00866667 5.11798e-307 0
0.00883333 5.11798e-307 0
0.009 5.11798e-307 0
0.00916667 5.11798e-307 0
0.00933333 5.11798e-307 0
0.0095 5.11798e-307 0
0.00966667 5.11798e-307 0
0.00983333 5.11798e-307 0
0.01 5.11798e-307 0
0.0101667 5.11798e-307 0
0.0103333 5.11798e-307 0
0.0105 5.11798e-307 0
0.0106667 5.11798e-307 0
0.0108333 5.11798e-307 0
0.011 5.11798e-307 0
0.0111667 5.11798e-307 0
0.0113333 5.11798e-307 0
0.0115 5.11798e-307 0
0.0116667 5.11798e-307 0
0.0118333 5.11798e-307 0
0.012 5.11798e-307 0
0.0121667 5.11798e-307 0
0.0123333 5.11798e-307 0
0.0125 5.11798e-307 0
0.0126667 5.11798e-307 0
0.0128333 5.11798e-307 0
0.013 5.11798e-307 0
0.0131667 5.11798e-307 0
0.0133333 5.11798e-307 0
0.0135 5.11798e-307 0
0.0136667 5.11798e-307 0
0.0138333 5.11798e-307 0
0.014 5.11798e-307 0
0.0141667 5.11798e-307 0
0.0143333 5.11798e-307 0
0.0145 5.11798e-307 0
0.0146667 5.11798e-307 0
0.0148333 5.11798e-307 0
0.015 5.11798e-307 0
0.0151667 5.11798e-307 0
0.0153333 5.11798e-307 0
0.0155 5.11798e-307 0
0.0156667 5.11798e-307 0
0.0158333 5.11798e-307 0
0.016 5.11798e-307 0
0.0161667 5.11798e-307 0
0.0163333 5.11798e-307 0
0.0165 5.11798e-307 0
0.0166667 5.11798e-307 0
0.0168333 5.11798e-307 0
0.017 5.11798e-307 0
0.0171667 5.11798e-307 0
0.0173333 5.11798e-307 0
0.0175 5.11798e-307 0
0.0176667 5.11798e-307 0
0.0178333 5.11798e-307 0
0.018 5.11798e-307 0
0.0181667 5.11798e-307 0
0.0183333 5.11798e-307 0
0.0185 5.11798e-307 0
0.0186667 5.11798e-307 0
0.0188333 5.11798e-307 0
0.019 5.11798e-307 0
0.0191667 5.11798e-307 0
0.0193333 5.11798e-307 0
0.0195 5.11798e-307 0
0.0196667 5.11798e-307 0
0.0198333 5.11798e-307 0
0.02 5.11798e-307 0
0.0201667 5.11798e-307 0
0.0203333 5.11798e-307 0
0.0205 5.11798e-307 0
0.0206667 5.11798e-307 0
0.0208333 5.11798e-307 0
0.021 5.11798e-307 0
0.0211667 5.11798e-307 0
0.0213333 5.11798e-307 0
0.0215 5.11798e-307 0
0.0216667 5.11798e-307 0
0.0218333 5.11798e-307 0
0.022 5.11798e-307 0
0.0221667 5.11798e-307 0
0.0223333 5.11798e-307 0
0.0225 5.11798e-307 0
0.0226667 5.11798e-307 0
0.0228333 5.11798e-307 0
0.023 5.11798e-307 0
0.0231667 5.11798e-307 0
0.0233333 5.11798e-307 0
0.0235 5.11798e-307 0
0.0236667 5.11798e-307 0
0.0238333 5.11798e-307 0
0.024 5.11798e-307 0
0.0241667 5.11798e-307 0
0.0243333 5.11798e-307 0
0.0245 5.11798e-307 0
0.0246667 5.11798e-307 0
0.0248333 5.11798e-307 0
0.025 5.11798e-307 0
0.0251667 5.11798e-307 0
0.0253333 5.11798e-307 0
0.0255 5.11798e-307 0
0.0256667 5.11798e-307 0
0.0258333 5.11798e-307 0
0.026 5.11798e-307 0
0.0261667 5.11798e-307 0
0.0263333 5.11798e-307 0
0.0265 5.11798e-307 0
0.0266667 5.11798e-307 0
0.0268333 5.11798e-307 0
0.027 5.11798e-307 0
0.0271667 5.11798e-307 0
0.0273333 5.11798e-307 0
0.0275 5.11798e-307 0
0.0276667 5.11798e-307 0
0.0278333 5.11798e-307 0
0.028 5.11798e-307 0
0.0281667 5.11798e-307 0
0.0283333 5.11798e-307 0
0.0285 5.11798e-307 0
0.0286667 5.11798e-307 0
0.0288333 5.11798e-307 0
0.029 5.11798e-307 0
0.0291667 5.11798e-307 0
0.0293333 5.11798e-307 0
0.0295 5.11798e-307 0
0.0296667 5.11798e-307 0
0.0298333 5.11798e-307 0
0.03 5.11798e-307 0
0.0301667 5.11798e-307 0
0.0303333 5.11798e-307 0
0.0305 5.11798e-307 0
0.0306667 5.11798e-307 0
0.0308333 5.11798e-307 0
0.031 5.11798e-307 0
0.0311667 5.11798e-307 0
0.0313333 5.11798e-307 0
0.0315 5.11798e-307 0
0.0316667 5.11798e-307 0
0.0318333 5.11798e-307 0
0.032 5.11798e-307 0
0.0321667 5.11798e-307 0
0.0323333 5.11798e-307 0
0.0325 5.11798e-307 0
0.0326667 5.11798e-307 0
0.0328333 5.11798e-307 0
0.033 5.11798e-307 0
0.0331667 5.11798e-307 0
0.0333333 5.11798e-307 0
0.0335 5.11798e-307 0
0.0336667 5.11798e-307 0
0.0338333 5.11798e-307 0
0.034 5.11798e-307 0
0.0341667 5.11798e-307 0
0.0343333 5.11798e-307 0
0.0345 5.11798e-307 0
0.0346667 5.11798e-307 0
0.0348333 5.11798e-307 0
0.035 5.11798e-307 0
0.0351667 5.11798e-307 0
0.0353333 5.11798e-307 0
0.0355 5.11798e-307 0
0.0356667 5.11798e-307 0
0.0358333 5.11798e-307 0
0.036 5.11798e-307 0
0.0361667 5.11798e-307 0
0.0363333 5.11798e-307 0
0.0365 5.11798e-307 0
0.0366667 5.11798e-307 0
0.0368333 5.11798e-307 0
0.037 5.11798e-307 0
0.0371667 5.11798e-307 0
0.0373333 5.11798e-307 0
0.0375 5.11798e-307 0
0.0376667 5.11798e-307 0
0.0378333 5.11798e-307 0
0.038 5.11798e-307 0
0.0381667 5.11798e-307 0
0.0383333 5.11798e-307 0
0.0385 5.11798e-307 0
0.0386667 5.11798e-307 0
0.0388333 5.11798e-307 0
0.039 5.11798e-307 0
0.0391667 5.11798e-307 0
0.0393333 5.11798e-307 0
0.0395 5.11798e-307 0
0.0396667 5.11798e-307 0
0.0398333 5.11798e-307 0
0.04 5.11798e-307 0
0.0401667 5.11798e-307 0
0.0403333 5.11798e-307 0
0.0405 5.11798e-307 0
0.0406667 5.11798e-307 0
0.0408333 5.11798e-307 0
0.041 5.11798e-307 0
0.0411667 5.11798e-307 0
0.0413333 5.11798e-307 0
0.0415 5.11798e-307 0
0.0416667 5.11798e-307 0
0.0418333 5.11798e-307 0
0.042 5.11798e-307 0
0.0421667 5.11798e-307 0
0.0423333 5.11798e-307 0
0.0425 5.11798e-307 0
0.0426667 5.11798e-307 0
0.0428333 5.11798e-307 0
0.043 5.11798e-307 0
0.0431667 5.11798e-307 0
0.0433333 5.11798e-307 0
0.0435 5.11798e-307 0
0.0436667 5.11798e-307 0
0.0438333 5.11798e-307 0
0.044 5.11798e-307 0
0.0441667 5.11798e-307 0
0.0443333 5.11798e-307 0
0.0445 5.11798e-307 0
0.0446667 5.11798e-307 0
0.0448333 5.11798e-307 0
0.045 5.11798e-307 0
0.0451667 5.11798e-307 0
0.0453333 5.11798e-307 0
0.0455 5.11798e-307 0
0.0456667 5.11798e-307 0
0.0458333 5.11798e-307 0
0.046 5.11798e-307 0
0.0461667 5.11798e-307 0
0.0463333 5.11798e-307 0
0.0465 5.11798e-307 0
0.0466667 5.11798e-307 0
0.0468333 5.11798e-307 0
0.047 5.11798e-307 0
0.0471667 5.11798e-307 0
0.0473333 5.11798e-307 0
0.0475 5.11798e-307 0
0.0476667 5.11798e-307 0
0.0478333 5.11798e-307 0
0.048 5.11798e-307 0
0.0481667 5.11798e-307 0
0.0483333 5.11798e-307 0
0.0485 5.11798e-307 0
0.0486667 5.11798e-307 0
0.0488333 5.11798e-307 0
0.049 5.11798e-307 0
0.0491667 5.11798e-307 0
0.0493333 5.11798e-307 0
0.0495 5.11798e-307 0
0.0496667 5.11798e-307 0
0.0498333 5.11798e-307 0
0.05 5.11798e-307 0
0.0501667 3.47222e-07 -0.00416667
0.0503333 1.38888e-06 -0.00833333
0.0505 3.12496e-06 -0.0125
0.0506666 5.55543e-06 -0.0166667
0.0508333 8.68024e-06 -0.0208333
0.0509999 1.24993e-05 -0.025
0.0511665 1.70127e-05 -0.0291667
0.0513331 2.22202e-05 -0.0333333
0.0514996 2.81217e-05 -0.0375
0.0516662 3.47172e-05 -0.0416667
0.0518327 4.20065e-05 -0.0458333
0.0519992 4.99896e-05 -0.05
0.0521656 5.86662e-05 -0.0541667
0.052332 6.80363e-05 -0.0583333
0.0524984 7.80996e-05 -0.0625
0.0526647 8.8856e-05 -0.0666667
0.052831 0.000100305 -0.0708333
0.0529972 0.000112447 -0.075
0.0531634 0.000125282 -0.0791667
0.0533295 0.000138809 -0.0833333
0.0534955 0.000153027 -0.0875
0.0536615 0.000167938 -0.0916667
0.0538275 0.00018354 -0.0958333
0.0539933 0.000199833 -0.1
0.0541591 0.000216818 -0.104167
0.0543249 0.000234493 -0.108333
0.0544905 0.000252858 -0.1125
0.0546561 0.000271914 -0.116667
0.0548216 0.000291659 -0.120833
0.054987 0.000312093 -0.125
0.0551523 0.000333217 -0.129167
0.0553175 0.000355029 -0.133333
0.0554827 0.00037753 -0.1375
0.0556477 0.000400718 -0.141667
0.0558127 0.000424594 -0.145833
0.0559775 0.000449157 -0.15
0.0561423 0.000474406 -0.154167
0.0563069 0.000500342 -0.158333
0.0564714 0.000526964 -0.1625
0.0566358 0.000554271 -0.166667
0.0568001 0.000582262 -0.170833
0.0569643 0.000610938 -0.175
0.0571284 0.000640298 -0.179167
0.0572923 0.000670341 -0.183333
0.0574561 0.000701067 -0.1875
0.0576198 0.000732476 -0.191667
0.0577834 0.000764566 -0.195833
0.0579468 0.000797337 -0.2
0.05811 0.000830789 -0.204167
0.0582732 0.00086492 -0.208333
0.0584362 0.000899732 -0.2125
0.058599 0.000935222 -0.216667
0.0587617 0.00097139 -0.220833
0.0589243 0.00100824 -0.225
0.0590866 0.00104576 -0.229167
0.0592489 0.00108396 -0.233333
0.0594109 0.00112283 -0.2375
0.0595728 0.00116238 -0.241667
0.0597346 0.00120261 -0.245833
0.0598962 0.0012435 -0.25
0.0600576 0.00128507 -0.254167
0.0602188 0.00132732 -0.258333
0.0603798 0.00137023 -0.2625
0.0605407 0.00141381 -0.266667
0.0607014 0.00145807 -0.270833
0.0608619 0.00150299 -0.275
0.0610222 0.00154858 -0.279167
0.0611823 0.00159484 -0.283333
0.0613422 0.00164177 -0.2875
0.061502 0.00168936 -0.291667
0.0616615 0.00173762 -0.295833
0.0618208 0.00178654 -0.3
0.0619799 0.00183613 -0.304167
0.0621388 0.00188637 -0.308333
0.0622975 0.00193728 -0.3125
0.062456 0.00198885 -0.316667
0.0626143 0.00204108 -0.320833
0.0627724 0.00209397 -0.325
0.0629302 0.00214752 -0.329167
0.0630878 0.00220172 -0.333333
0.0632452 0.00225658 -0.3375
0.0634023 0.0023121 -0.341667
0.0635592 0.00236827 -0.345833
0.0637159 0.00242509 -0.35
0.0638724 0.00248257 -0.354167
0.0640286 0.00254069 -0.358333
0.0641845 0.00259947 -0.3625
0.0643402 0.0026589 -0.366667
0.0644957 0.00271897 -0.370833
0.0646509 0.0027797 -0.375
0.0648059 0.00284106 -0.379167
0.0649606 0.00290308 -0.383333
0.065115 0.00296573 -0.3875
0.0652692 0.00302903 -0.391667
0.0654231 0.00309298 -0.395833
0.0655767 0.00315756 -0.4
0.0657301 0.00322278 -0.404167
0.0658832 0.00328864 -0.408333
0.066036 0.00335514 -0.4125
0.0661886 0.00342228 -0.416667
0.0663408 0.00349005 -0.420833
0.0664928 0.00355845 -0.425
0.0666445 0.00362749 -0.429167
0.0667959 0.00369715 -0.433333
0.0669471 0.00376745 -0.4375
0.0670979 0.00383838 -0.441667
0.0672484 0.00390993 -0.445833
0.0673986 0.00398212 -0.45
0.0675485 0.00405492 -0.454167
0.0676982 0.00412835 -0.458333
0.0678475 0.00420241 -0.4625
0.0679965 0.00427708 -0.466667
0.0681452 0.00435238 -0.470833
0.0682935 0.00442829 -0.475
0.0684416 0.00450482 -0.479167
0.0685893 0.00458197 -0.483333
0.0687367 0.00465973 -0.4875
0.0688838 0.00473811 -0.491667
0.0690306 0.0048171 -0.495833
0.069177 0.0048967 -0.5
0.0693231 0.00497691 -0.504167
0.0694689 0.00505772 -0.508333
0.0696143 0.00513915 -0.5125
0.0697594 0.00522118 -0.516667
0.0699041 0.00530381 -0.520833
0.0700485 0.00538704 -0.525
0.0701926 0.00547088 -0.529167
0.0703363 0.00555531 -0.533333
0.0704796 0.00564035 -0.5375
0.0706226 0.00572598 -0.541667
0.0707652 0.0058122 -0.545833
0.0709075 0.00589902 -0.55
0.0710494 0.00598643 -0.554167
0.0711909 0.00607443 -0.558333
0.0713321 0.00616302 -0.5625
0.0714729 0.0062522 -0.566667
0.0716133 0.00634196 -0.570833
0.0717534 0.00643231 -0.575
0.0718931 0.00652324 -0.579167
0.0720324 0.00661475 -0.583333
0.0721713 0.00670684 -0.5875
0.0723098 0.00679951 -0.591667
0.0724479 0.00689276 -0.595833
0.0725857 0.00698658 -0.6
0.0727231 0.00708097 -0.604167
0.07286 0.00717593 -0.608333
0.0729966 0.00727147 -0.6125
0.0731328 0.00736757 -0.616667
0.0732685 0.00746424 -0.620833
0.0734039 0.00756148 -0.625
0.0735388 0.00765927 -0.629167
0.0736734 0.00775763 -0.633333
0.0738075 0.00785655 -0.6375
0.0739413 0.00795603 -0.641667
0.0740746 0.00805606 -0.645833
0.0742075 0.00815665 -0.65
0.0743399 0.00825779 -0.654167
0.074472 0.00835948 -0.658333
0.0746036 0.00846172 -0.6625
0.0747348 0.00856451 -0.666667
0.0748656 0.00866784 -0.670833
0.0749959 0.00877172 -0.675
0.0751258 0.00887614 -0.679167
0.0752553 0.0089811 -0.683333
0.0753843 0.0090866 -0.6875
0.0755129 0.00919264 -0.691667
0.075641 0.00929921 -0.695833
0.0757687 0.00940631 -0.7
0.075896 0.00951395 -0.704167
0.0760228 0.00962211 -0.708333
0.0761491 0.0097308 -0.7125
0.076275 0.00984002 -0.716667
0.0764004 0.00994976 -0.720833
0.0765254 0.01006 -0.725
0.0766499 0.0101708 -0.729167
0.076774 0.0102821 -0.733333
0.0768976 0.0103939 -0.7375
0.0770207 0.0105063 -0.741667
0.0771434 0.0106191 -0.745833
0.0772656 0.0107324 -0.75
0.0773873 0.0108463 -0.754167
0.0775085 0.0109607 -0.758333
0.0776293 0.0110755 -0.7625
0.0777495 0.0111909 -0.766667
0.0778693 0.0113068 -0.770833
0.0779886 0.0114232 -0.775
0.0781075 0.01154 -0.779167
0.0782258 0.0116574 -0.783333
0.0783437 0.0117752 -0.7875
0.078461 0.0118936 -0.791667
0.0785779 0.0120124 -0.795833
0.0786942 0.0121317 -0.8
0.0788101 0.0122515 -0.804167
0.0789255 0.0123718 -0.808333
0.0790403 0.0124926 -0.8125
0.0791547 0.0126138 -0.816667
0.0792686 0.0127355 -0.820833
0.0793819 0.0128577 -0.825
0.0794947 0.0129804 -0.829167
0.0796071 0.0131035 -0.833333
0.0797189 0.0132271 -0.8375
0.0798302 0.0133512 -0.841667
0.079941 0.0134757 -0.845833
0.0800512 0.0136007 -0.85
0.080161 0.0137261 -0.854167
0.0802702 0.013852 -0.858333
0.0803789 0.0139784 -0.8625
0.080487 0.0141052 -0.866667
0.0805946 0.0142324 -0.870833
0.0807017 0.0143601 -0.875
0.0808083 0.0144883 -0.879167
0.0809143 0.0146169 -0.883333
0.0810198 0.0147459 -0.8875
0.0811248 0.0148754 -0.891667
0.0812292 0.0150053 -0.895833
0.0813331 0.0151356 -0.9
0.0814364 0.0152664 -0.904167
0.0815392 0.0153976 -0.908333
0.0816414 0.0155292 -0.9125
0.0817431 0.0156612 -0.916667
0.0818442 0.0157937 -0.920833
0.0819448 0.0159266 -0.925
0.0820449 0.0160599 -0.929167
0.0821443 0.0161937 -0.933333
0.0822432 0.0163278 -0.9375
0.0823416 0.0164623 -0.941667
0.0824394 0.0165973 -0.945833
0.0825366 0.0167327 -0.95
0.0826333 0.0168684 -0.954167
0.0827294 0.0170046 -0.958333
0.0828249 0.0171412 -0.9625
0.0829199 0.0172782 -0.966667
0.0830143 0.0174155 -0.970833
0.0831081 0.0175533 -0.975
0.0832013 0.0176914 -0.979167
0.083294 0.01783 -0.983333
0.0833861 0.0179689 -0.9875
0.0834776 0.0181082 -0.991667
0.0835685 0.0182479 -0.995833
0.0836588 0.0183879 -1
0.0837486 0.0185283 -1.00417
0.0838378 0.0186691 -1.00833
0.0839264 0.0188103 -1.0125
0.0840143 0.0189519 -1.01667
0.0841018 0.0190938 -1.02083
0.0841886 0.019236 -1.025
0.0842748 0.0193787 -1.02917
0.0843604 0.0195217 -1.03333
0.0844454 0.019665 -1.0375
0.0845299 0.0198087 -1.04167
0.0846137 0.0199528 -1.04583
0.0846969 0.0200972 -1.05
0.0847796 0.0202419 -1.05417
0.0848616 0.020387 -1.05833
0.084943 0.0205324 -1.0625
0.0850238 0.0206782 -1.06667
0.085104 0.0208243 -1.07083
0.0851836 0.0209707 -1.075
0.0852626 0.0211175 -1.07917
0.085341 0.0212646 -1.08333
0.0854187 0.021412 -1.0875
0.0854959 0.0215597 -1.09167
0.0855724 0.0217078 -1.09583
0.0856483 0.0218562 -1.1
0.0857236 0.0220048 -1.10417
0.0857983 0.0221539 -1.10833
0.0858723 0.0223032 -1.1125
0.0859457 0.0224528 -1.11667
0.0860185 0.0226027 -1.12083
0.0860907 0.0227529 -1.125
0.0861623 0.0229035 -1.12917
0.0862332 0.0230543 -1.13333
0.0863035 0.0232054 -1.1375
0.0863731 0.0233568 -1.14167
0.0864422 0.0235085 -1.14583
0.0865106 0.0236605 -1.15
0.0865783 0.0238128 -1.15417
0.0866455 0.0239653 -1.15833
0.0867119 0.0241181 -1.1625
0.0867778 0.0242713 -1.16667
0.086843 0.0244246 -1.17083
0.0869076 0.0245783 -1.175
0.0869715 0.0247322 -1.17917
0.0870348 0.0248864 -1.18333
0.0870975 0.0250408 -1.1875
0.0871595 0.0251955 -1.19167
0.0872208 0.0253505 -1.19583
0.0872816 0.0255057 -1.2
0.0873416 0.0256612 -1.20417
0.0874011 0.0258169 -1.20833
0.0874598 0.0259728 -1.2125
0.0875179 0.026129 -1.21667
0.0875754 0.0262855 -1.22083
0.0876322 0.0264422 -1.225
0.0876884 0.0265991 -1.22917
0.0877439 0.0267562 -1.23333
0.0877988 0.0269136 -1.2375
0.087853 0.0270712 -1.24167
0.0879065 0.0272291 -1.24583
0.0879594 0.0273871 -1.25
0.0880116 0.0275454 -1.25417
0.0880632 0.0277039 -1.25833
0.0881141 0.0278626 -1.2625
0.0881643 0.0280215 -1.26667
0.0882139 0.0281806 -1.27083
0.0882628 0.0283399 -1.275
0.0883111 0.0284995 -1.27917
0.0883587 0.0286592 -1.28333
0.0884056 0.0288191 -1.2875
0.0884518 0.0289792 -1.29167
0.0884974 0.0291395 -1.29583
0.0885423 0.0293 -1.3
0.0885866 0.0294607 -1.30417
0.0886302 0.0296216 -1.30833
0.0886731 0.0297826 -1.3125
0.0887153 0.0299439 -1.31667
0.0887569 0.0301053 -1.32083
0.0887978 0.0302668 -1.325
0.088838 0.0304286 -1.32917
0.0888775 0.0305905 -1.33333
0.0889164 0.0307526 -1.3375
0.0889546 0.0309148 -1.34167
0.0889921 0.0310772 -1.34583
0.0890289 0.0312397 -1.35
0.0890651 0.0314024 -1.35417
0.0891006 0.0315653 -1.35833
0.0891354 0.0317283 -1.3625
0.0891695 0.0318914 -1.36667
0.089203 0.0320547 -1.37083
0.0892357 0.0322181 -1.375
0.0892678 0.0323816 -1.37917
0.0892992 0.0325453 -1.38333
0.0893299 0.0327091 -1.3875
0.08936 0.0328731 -1.39167
0.0893893 0.0330371 -1.39583
0.089418 0.0332013 -1.4
0.089446 0.0333656 -1.40417
0.0894733 0.03353 -1.40833
0.0894999 0.0336946 -1.4125
0.0895258 0.0338592 -1.41667
0.0895511 0.0340239 -1.42083
0.0895756 0.0341888 -1.425
0.0895995 0.0343537 -1.42917
0.0896227 0.0345188 -1.43333
0.0896452 0.0346839 -1.4375
0.089667 0.0348492 -1.44167
0.0896881 0.0350145 -1.44583
0.0897085 0.0351799 -1.45
0.0897283 0.0353454 -1.45417
0.0897473 0.035511 -1.45833
0.0897657 0.0356766 -1.4625
0.0897833 0.0358423 -1.46667
0.0898003 0.0360081 -1.47083
0.0898166 0.036174 -1.475
0.0898322 0.0363399 -1.47917
0.0898471 0.0365059 -1.48333
0.0898613 0.036672 -1.4875
0.0898748 0.0368381 -1.49167
0.0898877 0.0370043 -1.49583
0.0898998 0.0371705 -1.5
0.0899112 0.0373368 -1.50417
0.089922 0.0375031 -1.50833
0.0899321 0.0376695 -1.5125
0.0899414 0.0378359 -1.51667
0.0899501 0.0380023 -1.52083
0.0899581 0.0381688 -1.525
0.0899653 0.0383353 -1.52917
0.0899719 0.0385018 -1.53333
0.0899778 0.0386684 -1.5375
0.089983 0.038835 -1.54167
0.0899875 0.0390016 -1.54583
0.0899914 0.0391682 -1.55
0.0899945 0.0393348 -1.55417
0.0899969 0.0395015 -1.55833
0.0899986 0.0396682 -1.5625
0.0899997 0.0398348 -1.56667
0.09 0.0400015 -1.5708
0.09 0.0401681 -1.5708
0.09 0.0403348 -1.5708
0.09 0.0405015 -1.5708
0.09 0.0406681 -1.5708
0.09 0.0408348 -1.5708
0.09 0.0410015 -1.5708
0.09 0.0411681 -1.5708
0.09 0.0413348 -1.5708
0.09 0.0415015 -1.5708
0.09 0.0416681 -1.5708
0.09 0.0418348 -1.5708
0.09 0.0420015 -1.5708
0.09 0.0421681 -1.5708
0.09 0.0423348 -1.5708
0.09 0.0425015 -1.5708
0.09 0.0426681 -1.5708
0.09 0.0428348 -1.5708
0.09 0.0430015 -1.5708
0.09 0.0431681 -1.5708
0.09 0.0433348 -1.5708
0.09 0.0435015 -1.5708
0.09 0.0436681 -1.5708
0.09 0.0438348 -1.5708
0.09 0.0440015 -1.5708
0.09 0.0441681 -1.5708
0.09 0.0443348 -1.5708
0.09 0.0445015 -1.5708
0.09 0.0446681 -1.5708
0.09 0.0448348 -1.5708
0.09 0.0450015 -1.5708
0.09 0.0451681 -1.5708
0.09 0.0453348 -1.5708
0.09 0.0455015 -1.5708
0.09 0.0456681 -1.5708
0.09 0.0458348 -1.5708
0.09 0.0460015 -1.5708
0.09 0.0461681 -1.5708
0.09 0.0463348 -1.5708
0.09 0.0465015 -1.5708
0.09 0.0466681 -1.5708
0.09 0.0468348 -1.5708
0.09 0.0470015 -1.5708
0.09 0.0471681 -1.5708
0.09 0.0473348 -1.5708
0.09 0.0475015 -1.5708
0.09 0.0476681 -1.5708
0.09 0.0478348 -1.5708
0.09 0.0480015 -1.5708
0.09 0.0481681 -1.5708
0.09 0.0483348 -1.5708
0.09 0.0485015 -1.5708
0.09 0.0486681 -1.5708
0.09 0.0488348 -1.5708
0.09 0.0490015 -1.5708
0.09 0.0491681 -1.5708
0.09 0.0493348 -1.5708
0.09 0.0495015 -1.5708
0.09 0.0496681 -1.5708
0.09 0.0498348 -1.5708
0.09 0.0500015 -1.5708
0.09 0.0501681 -1.5708
0.09 0.0503348 -1.5708
0.09 0.0505015 -1.5708
0.09 0.0506681 -1.5708
0.09 0.0508348 -1.5708
0.09 0.0510015 -1.5708
0.09 0.0511681 -1.5708
0.09 0.0513348 -1.5708
0.09 0.0515015 -1.5708
0.09 0.0516681 -1.5708
0.09 0.0518348 -1.5708
0.09 0.0520015 -1.5708
0.09 0.0521681 -1.5708
0.09 0.0523348 -1.5708
0.09 0.0525015 -1.5708
0.09 0.0526681 -1.5708
0.09 0.0528348 -1.5708
0.09 0.0530015 -1.5708
0.09 0.0531681 -1.5708
0.09 0.0533348 -1.5708
0.09 0.0535015 -1.5708
0.09 0.0536681 -1.5708
0.09 0.0538348 -1.5708
0.09 0.0540015 -1.5708
0.09 0.0541681 -1.5708
0.09 0.0543348 -1.5708
0.09 0.0545015 -1.5708
0.09 0.0546681 -1.5708
0.09 0.0548348 -1.5708
0.09 0.0550015 -1.5708
0.09 0.0551681 -1.5708
0.09 0.0553348 -1.5708
0.09 0.0555015 -1.5708
0.09 0.0556681 -1.5708
0.09 0.0558348 -1.5708
0.09 0.0560015 -1.5708
0.09 0.0561681 -1.5708
0.09 0.0563348 -1.5708
0.09 0.0565015 -1.5708
0.09 0.0566681 -1.5708
0.09 0.0568348 -1.5708
0.09 0.0570015 -1.5708
0.09 0.0571681 -1.5708
0.09 0.0573348 -1.5708
0.09 0.0575015 -1.5708
0.09 0.0576681 -1.5708
0.09 0.0578348 -1.5708
0.09 0.0580015 -1.5708
0.09 0.0581681 -1.5708
0.09 0.0583348 -1.5708
0.09 0.0585015 -1.5708
0.09 0.0586681 -1.5708
0.09 0.0588348 -1.5708
0.09 0.0590015 -1.5708
0.09 0.0591681 -1.5708
0.09 0.0593348 -1.5708
0.09 0.0595015 -1.5708
0.09 0.0596681 -1.5708
0.09 0.0598348 -1.5708
0.09 0.0600015 -1.5708
0.09 0.0601681 -1.5708
0.09 0.0603348 -1.5708
0.09 0.0605015 -1.5708
0.09 0.0606681 -1.5708
0.09 0.0608348 -1.5708
0.09 0.0610015 -1.5708
0.09 0.0611681 -1.5708
0.09 0.0613348 -1.5708
0.09 0.0615015 -1.5708
0.09 0.0616681 -1.5708
0.09 0.0618348 -1.5708
0.09 0.0620015 -1.5708
0.09 0.0621681 -1.5708
0.09 0.0623348 -1.5708
0.09 0.0625015 -1.5708
0.09 0.0626681 -1.5708
0.09 0.0628348 -1.5708
0.09 0.0630015 -1.5708
0.09 0.0631681 -1.5708
0.09 0.0633348 -1.5708
0.09 0.0635015 -1.5708
0.09 0.0636681 -1.5708
0.09 0.0638348 -1.5708
0.09 0.0640015 -1.5708
0.09 0.0641681 -1.5708
0.09 0.0643348 -1.5708
0.09 0.0645015 -1.5708
0.09 0.0646681 -1.5708
0.09 0.0648348 -1.5708
0.09 0.0650015 -1.5708
0.09 0.0651681 -1.5708
0.09 0.0653348 -1.5708
0.09 0.0655015 -1.5708
0.09 0.0656681 -1.5708
0.09 0.0658348 -1.5708
0.09 0.0660015 -1.5708
0.09 0.0661681 -1.5708
0.09 0.0663348 -1.5708
0.09 0.0665015 -1.5708
0.09 0.0666681 -1.5708
0.09 0.0668348 -1.5708
0.09 0.0670015 -1.5708
0.09 0.0671681 -1.5708
0.09 0.0673348 -1.5708
0.09 0.0675015 -1.5708
0.09 0.0676681 -1.5708
0.09 0.0678348 -1.5708
0.09 0.0680015 -1.5708
0.09 0.0681681 -1.5708
0.09 0.0683348 -1.5708
0.09 0.0685015 -1.5708
0.09 0.0686681 -1.5708
0.09 0.0688348 -1.5708
0.09 0.0690015 -1.5708
0.09 0.0691681 -1.5708
0.09 0.0693348 -1.5708
0.09 0.0695015 -1.5708
0.09 0.0696681 -1.5708
0.09 0.0698348 -1.5708
0.09 0.0700015 -1.5708
0.09 0.0701681 -1.5708
0.09 0.0703348 -1.5708
0.09 0.0705015 -1.5708
0.09 0.0706681 -1.5708
0.09 0.0708348 -1.5708
0.09 0.0710015 -1.5708
0.09 0.0711681 -1.5708
0.09 0.0713348 -1.5708
0.09 0.0715015 -1.5708
0.09 0.0716681 -1.5708
0.09 0.0718348 -1.5708
0.09 0.0720015 -1.5708
0.09 0.0721681 -1.5708
0.09 0.0723348 -1.5708
0.09 0.0725015 -1.5708
0.09 0.0726681 -1.5708
0.09 0.0728348 -1.5708
0.09 0.0730015 -1.5708
0.09 0.0731681 -1.5708
0.09 0.0733348 -1.5708
0.09 0.0735015 -1.5708
0.09 0.0736681 -1.5708
0.09 0.0738348 -1.5708
0.09 0.0740015 -1.5708
0.09 0.0741681 -1.5708
0.09 0.0743348 -1.5708
0.09 0.0745015 -1.5708
0.09 0.0746681 -1.5708
0.09 0.0748348 -1.5708
0.09 0.0750015 -1.5708
0.09 0.0751681 -1.5708
0.09 0.0753348 -1.5708
0.09 0.0755015 -1.5708
0.09 0.0756681 -1.5708
0.09 0.0758348 -1.5708
0.09 0.0760015 -1.5708
0.09 0.0761681 -1.5708
0.09 0.0763348 -1.5708
0.09 0.0765015 -1.5708
0.09 0.0766681 -1.5708
0.09 0.0768348 -1.5708
0.09 0.0770015 -1.5708
0.09 0.0771681 -1.5708
0.09 0.0773348 -1.5708
0.09 0.0775015 -1.5708
0.09 0.0776681 -1.5708
0.09 0.0778348 -1.5708
0.09 0.0780015 -1.5708
0.09 0.0781681 -1.5708
0.09 0.0783348 -1.5708
0.09 0.0785015 -1.5708
0.09 0.0786681 -1.5708
0.09 0.0788348 -1.5708
0.09 0.0790015 -1.5708
0.09 0.0791681 -1.5708
0.09 0.0793348 -1.5708
0.09 0.0795015 -1.5708
0.09 0.0796681 -1.5708
0.09 0.0798348 -1.5708
0.09 0.0800015 -1.5708
0.09 0.0801681 -1.5708
0.09 0.0803348 -1.5708
0.09 0.0805015 -1.5708
0.09 0.0806681 -1.5708
0.09 0.0808348 -1.5708
0.09 0.0810015 -1.5708
0.09 0.0811681 -1.5708
0.09 0.0813348 -1.5708
0.09 0.0815015 -1.5708
0.09 0.0816681 -1.5708
0.09 0.0818348 -1.5708
0.09 0.0820015 -1.5708
0.09 0.0821681 -1.5708
0.09 0.0823348 -1.5708
0.09 0.0825015 -1.5708
0.09 0.0826681 -1.5708
0.09 0.0828348 -1.5708
0.09 0.0830015 -1.5708
0.09 0.0831681 -1.5708
0.09 0.0833348 -1.5708
0.09 0.0835015 -1.5708
0.09 0.0836681 -1.5708
0.09 0.0838348 -1.5708
0.09 0.0840015 -1.5708
0.09 0.0841681 -1.5708
0.09 0.0843348 -1.5708
0.09 0.0845015 -1.5708
0.09 0.0846681 -1.5708
0.09 0.0848348 -1.5708
0.09 0.0850015 -1.5708
0.09 0.0851681 -1.5708
0.09 0.0853348 -1.5708
0.09 0.0855015 -1.5708
0.09 0.0856681 -1.5708
0.09 0.0858348 -1.5708
0.09 0.0860015 -1.5708
0.09 0.0861681 -1.5708
0.09 0.0863348 -1.5708
0.09 0.0865015 -1.5708
0.09 0.0866681 -1.5708
0.09 0.0868348 -1.5708
0.09 0.0870015 -1.5708
0.09 0.0871681 -1.5708
0.09 0.0873348 -1.5708
0.09 0.0875015 -1.5708
0.09 0.0876681 -1.5708
0.09 0.0878348 -1.5708
0.09 0.0880015 -1.5708
0.09 0.0881681 -1.5708
0.09 0.0883348 -1.5708
0.09 0.0885015 -1.5708
0.09 0.0886681 -1.5708
0.09 0.0888348 -1.5708
0.09 0.0890015 -1.5708
0.09 0.0891681 -1.5708
0.09 0.0893348 -1.5708
0.09 0.0895015 -1.5708
0.09 0.0896681 -1.5708
0.09 0.0898348 -1.5708
0.09 0.0900015 -1.5708
0.09 0.0901681 -1.5708
0.09 0.0903348 -1.5708
0.09 0.0905015 -1.5708
0.09 0.0906681 -1.5708
0.09 0.0908348 -1.5708
0.09 0.0910015 -1.5708
0.09 0.0911681 -1.5708
0.09 0.0913348 -1.5708
0.09 0.0915015 -1.5708
0.09 0.0916681 -1.5708
0.09 0.0918348 -1.5708
0.09 0.0920015 -1.5708
0.09 0.0921681 -1.5708
0.09 0.0923348 -1.5708
0.09 0.0925015 -1.5708
0.09 0.0926681 -1.5708
0.09 0.0928348 -1.5708
0.09 0.0930015 -1.5708
0.09 0.0931681 -1.5708
0.09 0.0933348 -1.5708
0.09 0.0935015 -1.5708
0.09 0.0936681 -1.5708
0.09 0.0938348 -1.5708
0.09 0.0940015 -1.5708
0.09 0.0941681 -1.5708
0.09 0.0943348 -1.5708
0.09 0.0945015 -1.5708
0.09 0.0946681 -1.5708
0.09 0.0948348 -1.5708
0.09 0.0950015 -1.5708
0.09 0.0951681 -1.5708
0.09 0.0953348 -1.5708
0.09 0.0955015 -1.5708
0.09 0.0956681 -1.5708
0.09 0.0958348 -1.5708
0.09 0.0960015 -1.5708
0.09 0.0961681 -1.5708
0.09 0.0963348 -1.5708
0.09 0.0965015 -1.5708
0.09 0.0966681 -1.5708
0.09 0.0968348 -1.5708
0.09 0.0970015 -1.5708
0.09 0.0971681 -1.5708
0.09 0.0973348 -1.5708
0.09 0.0975015 -1.5708
0.09 0.0976681 -1.5708
0.09 0.0978348 -1.5708
0.09 0.0980015 -1.5708
0.09 0.0981681 -1.5708
0.09 0.0983348 -1.5708
0.09 0.0985015 -1.5708
0.09 0.0986681 -1.5708
0.09 0.0988348 -1.5708
0.09 0.0990015 -1.5708
0.09 0.0991681 -1.5708
0.09 0.0993348 -1.5708
0.09 0.0995015 -1.5708
0.09 0.0996681 -1.5708
0.09 0.0998348 -1.5708
0.09 0.100001 -1.5708
0.09 0.100168 -1.5708
0.09 0.100335 -1.5708
0.09 0.100501 -1.5708
0.09 0.100668 -1.5708
0.09 0.100835 -1.5708
0.09 0.101001 -1.5708
0.09 0.101168 -1.5708
0.09 0.101335 -1.5708
0.09 0.101501 -1.5708
0.09 0.101668 -1.5708
0.09 0.101835 -1.5708
0.09 0.102001 -1.5708
0.09 0.102168 -1.5708
0.09 0.102335 -1.5708
0.09 0.102501 -1.5708
0.09 0.102668 -1.5708
0.09 0.102835 -1.5708
0.09 0.103001 -1.5708
0.09 0.103168 -1.5708
0.09 0.103335 -1.5708
0.09 0.103501 -1.5708
0.09 0.103668 -1.5708
0.09 0.103835 -1.5708
0.09 0.104001 -1.5708
0.09 0.104168 -1.5708
0.09 0.104335 -1.5708
0.09 0.104501 -1.5708
0.09 0.104668 -1.5708
0.09 0.104835 -1.5708
0.09 0.105001 -1.5708
0.09 0.105168 -1.5708
0.09 0.105335 -1.5708
0.09 0.105501 -1.5708
0.09 0.105668 -1.5708
0.09 0.105835 -1.5708
0.09 0.106001 -1.5708
0.09 0.106168 -1.5708
0.09 0.106335 -1.5708
0.09 0.106501 -1.5708
0.09 0.106668 -1.5708
0.09 0.106835 -1.5708
0.09 0.107001 -1.5708
0.09 0.107168 -1.5708
0.09 0.107335 -1.5708
0.09 0.107501 -1.5708
0.09 0.107668 -1.5708
0.09 0.107835 -1.5708
0.09 0.108001 -1.5708
0.09 0.108168 -1.5708
0.09 0.108335 -1.5708
0.09 0.108501 -1.5708
0.09 0.108668 -1.5708
0.09 0.108835 -1.5708
0.09 0.109001 -1.5708
0.09 0.109168 -1.5708
0.09 0.109335 -1.5708
0.09 0.109501 -1.5708
0.09 0.109668 -1.5708
0.09 0.109835 -1.5708
0.09 0.110001 -1.5708
0.09 0.110168 -1.5708
0.09 0.110335 -1.5708
0.09 0.110501 -1.5708
0.09 0.110668 -1.5708
0.09 0.110835 -1.5708
0.09 0.111001 -1.5708
0.09 0.111168 -1.5708
0.09 0.111335 -1.5708
0.09 0.111501 -1.5708
0.09 0.111668 -1.5708
0.09 0.111835 -1.5708
0.09 0.112001 -1.5708
0.09 0.112168 -1.5708
0.09 0.112335 -1.5708
0.09 0.112501 -1.5708
0.09 0.112668 -1.5708
0.09 0.112835 -1.5708
0.09 0.113001 -1.5708
0.09 0.113168 -1.5708
0.09 0.113335 -1.5708
0.09 0.113501 -1.5708
0.09 0.113668 -1.5708
0.09 0.113835 -1.5708
0.09 0.114001 -1.5708
0.09 0.114168 -1.5708
0.09 0.114335 -1.5708
0.09 0.114501 -1.5708
0.09 0.114668 -1.5708
0.09 0.114835 -1.5708
0.09 0.115001 -1.5708
0.09 0.115168 -1.5708
0.09 0.115335 -1.5708
0.09 0.115501 -1.5708
0.09 0.115668 -1.5708
0.09 0.115835 -1.5708
0.09 0.116001 -1.5708
0.09 0.116168 -1.5708
0.09 0.116335 -1.5708
0.09 0.116501 -1.5708
0.09 0.116668 -1.5708
0.09 0.116835 -1.5708
0.09 0.117001 -1.5708
0.09 0.117168 -1.5708
0.09 0.117335 -1.5708
0.09 0.117501 -1.5708
0.09 0.117668 -1.5708
0.09 0.117835 -1.5708
0.09 0.118001 -1.5708
0.09 0.118168 -1.5708
0.09 0.118335 -1.5708
0.09 0.118501 -1.5708
0.09 0.118668 -1.5708
0.09 0.118835 -1.5708
0.09 0.119001 -1.5708
0.09 0.119168 -1.5708
0.09 0.119335 -1.5708
0.09 0.119501 -1.5708
0.09 0.119668 -1.5708
0.09 0.119835 -1.5708
0.09 0.120001 -1.5708
0.09 0.120168 -1.5708
0.09 0.120335 -1.5708
0.09 0.120501 -1.5708
0.09 0.120668 -1.5708
0.09 0.120835 -1.5708
0.09 0.121001 -1.5708
0.09 0.121168 -1.5708
0.09 0.121335 -1.5708
0.09 0.121501 -1.5708
0.09 0.121668 -1.5708
0.09 0.121835 -1.5708
0.09 0.122001 -1.5708
0.09 0.122168 -1.5708
0.09 0.122335 -1.5708
0.09 0.122501 -1.5708
0.09 0.122668 -1.5708
0.09 0.122835 -1.5708
0.09 0.123001 -1.5708
0.09 0.123168 -1.5708
0.09 0.123335 -1.5708
0.09 0.123501 -1.5708
0.09 0.123668 -1.5708
0.09 0.123835 -1.5708
0.09 0.124001 -1.5708
0.09 0.124168 -1.5708
0.09 0.124335 -1.5708
0.09 0.124501 -1.5708
0.09 0.124668 -1.5708
0.09 0.124835 -1.5708
0.09 0.125001 -1.5708
0.09 0.125168 -1.5708
0.09 0.125335 -1.5708
0.09 0.125501 -1.5708
0.09 0.125668 -1.5708
0.09 0.125835 -1.5708
0.09 0.126001 -1.5708
0.09 0.126168 -1.5708
0.09 0.126335 -1.5708
0.09 0.126501 -1.5708
0.09 0.126668 -1.5708
0.09 0.126835 -1.5708
0.09 0.127001 -1.5708
0.09 0.127168 -1.5708
0.09 0.127335 -1.5708
0.09 0.127501 -1.5708
0.09 0.127668 -1.5708
0.09 0.127835 -1.5708
0.09 0.128001 -1.5708
0.09 0.128168 -1.5708
0.09 0.128335 -1.5708
0.09 0.128501 -1.5708
0.09 0.128668 -1.5708
0.09 0.128835 -1.5708
0.09 0.129001 -1.5708
0.09 0.129168 -1.5708
0.09 0.129335 -1.5708
0.09 0.129501 -1.5708
0.09 0.129668 -1.5708
0.09 0.129835 -1.5708
0.09 0.130001 -1.5708
0.09 0.130168 -1.5708
0.09 0.130335 -1.5708
0.09 0.130501 -1.5708
0.09 0.130668 -1.5708
0.09 0.130835 -1.5708
0.09 0.131001 -1.5708
0.09 0.131168 -1.5708
0.09 0.131335 -1.5708
0.09 0.131501 -1.5708
0.09 0.131668 -1.5708
0.09 0.131835 -1.5708
0.09 0.132001 -1.5708
0.09 0.132168 -1.5708
0.09 0.132335 -1.5708
0.09 0.132501 -1.5708
0.09 0.132668 -1.5708
0.09 0.132835 -1.5708
0.09 0.133001 -1.5708
0.09 0.133168 -1.5708
0.09 0.133335 -1.5708
0.09 0.133501 -1.5708
0.09 0.133668 -1.5708
0.09 0.133835 -1.5708
0.09 0.134001 -1.5708
0.09 0.134168 -1.5708
0.09 0.134335 -1.5708
0.09 0.134501 -1.5708
0.09 0.134668 -1.5708
0.09 0.134835 -1.5708
0.09 0.135001 -1.5708
0.09 0.135168 -1.5708
0.09 0.135335 -1.5708
0.09 0.135501 -1.5708
0.09 0.135668 -1.5708
0.09 0.135835 -1.5708
0.09 0.136001 -1.5708
0.09 0.136168 -1.5708
0.09 0.136335 -1.5708
0.09 0.136501 -1.5708
0.09 0.136668 -1.5708
0.09 0.136835 -1.5708
0.09 0.137001 -1.5708
0.09 0.137168 -1.5708
0.09 0.137335 -1.5708
0.09 0.137501 -1.5708
0.09 0.137668 -1.5708
0.09 0.137835 -1.5708
0.09 0.138001 -1.5708
0.09 0.138168 -1.5708
0.09 0.138335 -1.5708
0.09 0.138501 -1.5708
0.09 0.138668 -1.5708
0.09 0.138835 -1.5708
0.09 0.139001 -1.5708
0.09 0.139168 -1.5708
0.09 0.139335 -1.5708
0.09 0.139501 -1.5708
0.09 0.139668 -1.5708
0.09 0.139835 -1.5708
0.09 0.140001 -1.57077
0.0900003 0.140168 -1.56743
0.0900011 0.140335 -1.5641
0.0900025 0.140501 -1.56077
0.0900045 0.140668 -1.55743
0.090007 0.140835 -1.5541
0.09001 0.141001 -1.55077
0.0900136 0.141168 -1.54743
0.0900178 0.141335 -1.5441
0.0900225 0.141501 -1.54077
0.0900278 0.141668 -1.53743
0.0900337 0.141834 -1.5341
0.0900401 0.142001 -1.53077
0.090047 0.142167 -1.52743
0.0900545 0.142334 -1.5241
0.0900626 0.1425 -1.52077
0.0900712 0.142667 -1.51743
0.0900803 0.142833 -1.5141
0.0900901 0.143 -1.51077
0.0901003 0.143166 -1.50743
0.0901112 0.143332 -1.5041
0.0901226 0.143499 -1.50077
0.0901345 0.143665 -1.49743
0.090147 0.143831 -1.4941
0.09016 0.143997 -1.49077
0.0901736 0.144163 -1.48743
0.0901878 0.144329 -1.4841
0.0902025 0.144495 -1.48077
0.0902178 0.144661 -1.47743
0.0902336 0.144827 -1.4741
0.0902499 0.144993 -1.47077
0.0902669 0.145159 -1.46743
0.0902843 0.145325 -1.4641
0.0903024 0.14549 -1.46077
0.0903209 0.145656 -1.45743
0.0903401 0.145822 -1.4541
0.0903597 0.145987 -1.45077
0.09038 0.146153 -1.44743
0.0904008 0.146318 -1.4441
0.0904221 0.146483 -1.44077
0.090444 0.146648 -1.43743
0.0904664 0.146814 -1.4341
0.0904894 0.146979 -1.43077
0.0905129 0.147144 -1.42743
0.090537 0.147309 -1.4241
0.0905617 0.147473 -1.42077
0.0905869 0.147638 -1.41743
0.0906126 0.147803 -1.4141
0.0906389 0.147967 -1.41077
0.0906657 0.148132 -1.40743
0.0906931 0.148296 -1.4041
0.090721 0.148461 -1.40077
0.0907495 0.148625 -1.39743
0.0907785 0.148789 -1.3941
0.0908081 0.148953 -1.39077
0.0908382 0.149117 -1.38743
0.0908689 0.149281 -1.3841
0.0909001 0.149444 -1.38077
0.0909318 0.149608 -1.37743
0.0909641 0.149772 -1.3741
0.090997 0.149935 -1.37077
0.0910304 0.150098 -1.36743
0.0910643 0.150261 -1.3641
0.0910988 0.150424 -1.36077
0.0911338 0.150587 -1.35743
0.0911693 0.15075 -1.3541
0.0912055 0.150913 -1.35077
0.0912421 0.151076 -1.34743
0.0912793 0.151238 -1.3441
0.091317 0.1514 -1.34077
0.0913553 0.151563 -1.33743
0.0913941 0.151725 -1.3341
0.0914335 0.151887 -1.33077
0.0914733 0.152048 -1.32743
0.0915138 0.15221 -1.3241
0.0915547 0.152372 -1.32077
0.0915963 0.152533 -1.31743
0.0916383 0.152694 -1.3141
0.0916809 0.152855 -1.31077
0.091724 0.153016 -1.30743
0.0917677 0.153177 -1.3041
0.0918119 0.153338 -1.30077
0.0918566 0.153499 -1.29743
0.0919018 0.153659 -1.2941
0.0919476 0.153819 -1.29077
0.091994 0.153979 -1.28743
0.0920408 0.154139 -1.2841
0.0920882 0.154299 -1.28077
0.0921362 0.154459 -1.27743
0.0921846 0.154618 -1.2741
0.0922336 0.154777 -1.27077
0.0922831 0.154937 -1.26743
0.0923332 0.155096 -1.2641
0.0923838 0.155254 -1.26077
0.0924349 0.155413 -1.25743
0.0924865 0.155571 -1.2541
0.0925387 0.15573 -1.25077
0.0925914 0.155888 -1.24743
0.0926446 0.156046 -1.2441
0.0926984 0.156204 -1.24077
0.0927526 0.156361 -1.23743
0.0928074 0.156519 -1.2341
0.0928628 0.156676 -1.23077
0.0929186 0.156833 -1.22743
0.092975 0.15699 -1.2241
0.0930319 0.157146 -1.22077
0.0930893 0.157303 -1.21743
0.0931472 0.157459 -1.2141
0.0932057 0.157615 -1.21077
0.0932647 0.157771 -1.20743
0.0933242 0.157927 -1.2041
0.0933842 0.158082 -1.20077
0.0934447 0.158237 -1.19743
0.0935058 0.158393 -1.1941
0.0935673 0.158547 -1.19077
0.0936294 0.158702 -1.18743
0.093692 0.158857 -1.1841
0.0937551 0.159011 -1.18077
0.0938187 0.159165 -1.17743
0.0938829 0.159319 -1.1741
0.0939475 0.159472 -1.17077
0.0940127 0.159626 -1.16743
0.0940784 0.159779 -1.1641
0.0941445 0.159932 -1.16077
0.0942112 0.160085 -1.15743
0.0942784 0.160237 -1.1541
0.0943462 0.160389 -1.15077
0.0944144 0.160541 -1.14743
0.0944831 0.160693 -1.1441
0.0945523 0.160845 -1.14077
0.0946221 0.160996 -1.13743
0.0946923 0.161147 -1.1341
0.094763 0.161298 -1.13077
0.0948343 0.161449 -1.12743
0.094906 0.161599 -1.1241
0.0949783 0.16175 -1.12077
0.095051 0.1619 -1.11743
0.0951243 0.162049 -1.1141
0.095198 0.162199 -1.11077
0.0952723 0.162348 -1.10743
0.095347 0.162497 -1.1041
0.0954223 0.162646 -1.10077
0.095498 0.162794 -1.09743
0.0955742 0.162942 -1.0941
0.0956509 0.16309 -1.09077
0.0957282 0.163238 -1.08743
0.0958059 0.163385 -1.0841
0.0958841 0.163533 -1.08077
0.0959627 0.16368 -1.07743
0.0960419 0.163826 -1.0741
0.0961216 0.163973 -1.07077
0.0962017 0.164119 -1.06743
0.0962824 0.164265 -1.0641
0.0963635 0.16441 -1.06077
0.0964451 0.164555 -1.05743
0.0965272 0.164701 -1.0541
0.0966098 0.164845 -1.05077
0.0966928 0.16499 -1.04743
0.0967764 0.165134 -1.0441
0.0968604 0.165278 -1.04077
0.0969449 0.165422 -1.03743
0.0970299 0.165565 -1.0341
0.0971153 0.165708 -1.03077
0.0972013 0.165851 -1.02743
0.0972877 0.165993 -1.0241
0.0973745 0.166136 -1.02077
0.0974619 0.166278 -1.01743
0.0975497 0.166419 -1.0141
0.097638 0.166561 -1.01077
0.0977268 0.166702 -1.00743
0.097816 0.166842 -1.0041
0.0979058 0.166983 -1.00077
0.0979959 0.167123 -0.997433
0.0980866 0.167263 -0.9941
0.0981777 0.167402 -0.990767
0.0982693 0.167542 -0.987433
0.0983613 0.167681 -0.9841
0.0984538 0.167819 -0.980767
0.0985468 0.167958 -0.977433
0.0986402 0.168096 -0.9741
0.0987341 0.168233 -0.970767
0.0988284 0.168371 -0.967433
0.0989232 0.168508 -0.9641
0.0990184 0.168645 -0.960767
0.0991142 0.168781 -0.957433
0.0992103 0.168917 -0.9541
0.0993069 0.169053 -0.950767
0.099404 0.169188 -0.947433
0.0995015 0.169324 -0.9441
0.0995995 0.169458 -0.940767
0.0996979 0.169593 -0.937433
0.0997968 0.169727 -0.9341
0.0998961 0.169861 -0.930767
0.0999959 0.169994 -0.927433
0.100096 0.170128 -0.9241
0.100197 0.17026 -0.920767
0.100298 0.170393 -0.917433
0.100399 0.170525 -0.9141
0.100501 0.170657 -0.910767
0.100604 0.170789 -0.907433
0.100707 0.17092 -0.9041
0.10081 0.17105 -0.900767
0.100914 0.171181 -0.897433
0.101018 0.171311 -0.8941
0.101122 0.171441 -0.890767
0.101227 0.17157 -0.887433
0.101333 0.171699 -0.8841
0.101439 0.171828 -0.880767
0.101545 0.171956 -0.877433
0.101652 0.172084 -0.8741
0.101759 0.172212 -0.870767
0.101866 0.172339 -0.867433
0.101974 0.172466 -0.8641
0.102083 0.172593 -0.860767
0.102192 0.172719 -0.857433
0.102301 0.172845 -0.8541
0.102411 0.17297 -0.850767
0.102521 0.173095 -0.847433
0.102631 0.17322 -0.8441
0.102742 0.173345 -0.840767
0.102854 0.173469 -0.837433
0.102965 0.173592 -0.8341
0.103078 0.173715 -0.830767
0.10319 0.173838 -0.827433
0.103303 0.173961 -0.8241
0.103417 0.174083 -0.820767
0.10353 0.174205 -0.817433
0.103645 0.174326 -0.8141
0.103759 0.174447 -0.810767
0.103874 0.174568 -0.807433
0.10399 0.174688 -0.8041
0.104105 0.174808 -0.800767
0.104222 0.174927 -0.797433
0.104338 0.175046 -0.7941
0.104455 0.175165 -0.790767
0.104573 0.175283 -0.787433
0.104691 0.175401 -0.7841
0.104809 0.175519 -0.780767
0.104927 0.175636 -0.777433
0.105046 0.175753 -0.7741
0.105166 0.175869 -0.770767
0.105285 0.175985 -0.767433
0.105406 0.1761 -0.7641
0.105526 0.176215 -0.760767
0.105647 0.17633 -0.757433
0.105768 0.176444 -0.7541
0.10589 0.176558 -0.750767
0.106012 0.176672 -0.747433
0.106135 0.176785 -0.7441
0.106257 0.176898 -0.740767
0.10638 0.17701 -0.737433
0.106504 0.177122 -0.7341
0.106628 0.177233 -0.730767
0.106752 0.177344 -0.727433
0.106877 0.177455 -0.7241
0.107002 0.177565 -0.720767
0.107127 0.177675 -0.717433
0.107253 0.177784 -0.7141
0.107379 0.177893 -0.710767
0.107506 0.178002 -0.707433
0.107633 0.17811 -0.7041
0.10776 0.178217 -0.700767
0.107887 0.178325 -0.697433
0.108015 0.178431 -0.6941
0.108144 0.178538 -0.690767
0.108272 0.178644 -0.687433
0.108401 0.178749 -0.6841
0.108531 0.178855 -0.680767
0.10866 0.178959 -0.677433
0.10879 0.179063 -0.6741
0.108921 0.179167 -0.670767
0.109051 0.179271 -0.667433
0.109182 0.179374 -0.6641
0.109314 0.179476 -0.660767
0.109446 0.179578 -0.657433
0.109578 0.17968 -0.6541
0.10971 0.179781 -0.650767
0.109843 0.179882 -0.647433
0.109976 0.179982 -0.6441
0.110109 0.180082 -0.640767
0.110243 0.180181 -0.637433
0.110377 0.18028 -0.6341
0.110512 0.180379 -0.630767
0.110647 0.180477 -0.627433
0.110782 0.180574 -0.6241
0.110917 0.180672 -0.620767
0.111053 0.180768 -0.617433
0.111189 0.180865 -0.6141
0.111325 0.18096 -0.610767
0.111462 0.181056 -0.607433
0.111599 0.181151 -0.6041
0.111736 0.181245 -0.600767
0.111874 0.181339 -0.597433
0.112012 0.181433 -0.5941
0.11215 0.181526 -0.590767
0.112289 0.181618 -0.587433
0.112428 0.18171 -0.5841
0.112567 0.181802 -0.580767
0.112706 0.181893 -0.577433
0.112846 0.181984 -0.5741
0.112986 0.182074 -0.570767
0.113127 0.182164 -0.567433
0.113267 0.182254 -0.5641
0.113408 0.182342 -0.560767
0.11355 0.182431 -0.557433
0.113691 0.182519 -0.5541
0.113833 0.182606 -0.550767
0.113975 0.182693 -0.547433
0.114118 0.18278 -0.5441
0.11426 0.182866 -0.540767
0.114403 0.182951 -0.537433
0.114547 0.183036 -0.5341
0.11469 0.183121 -0.530767
0.114834 0.183205 -0.527433
0.114978 0.183289 -0.5241
0.115123 0.183372 -0.520767
0.115267 0.183455 -0.517433
0.115412 0.183537 -0.5141
0.115558 0.183618 -0.510767
0.115703 0.1837 -0.507433
0.115849 0.18378 -0.5041
0.115995 0.183861 -0.500767
0.116141 0.183941 -0.497433
0.116288 0.18402 -0.4941
0.116435 0.184099 -0.490767
0.116582 0.184177 -0.487433
0.116729 0.184255 -0.4841
0.116877 0.184332 -0.480767
0.117025 0.184409 -0.477433
0.117173 0.184485 -0.4741
0.117322 0.184561 -0.470767
0.11747 0.184636 -0.467433
0.117619 0.184711 -0.4641
0.117768 0.184786 -0.460767
0.117918 0.184859 -0.457433
0.118067 0.184933 -0.4541
0.118217 0.185006 -0.450767
0.118367 0.185078 -0.447433
0.118518 0.18515 -0.4441
0.118668 0.185221 -0.440767
0.118819 0.185292 -0.437433
0.11897 0.185362 -0.4341
0.119122 0.185432 -0.430767
0.119273 0.185502 -0.427433
0.119425 0.18557 -0.4241
0.119577 0.185639 -0.420767
0.119729 0.185707 -0.417433
0.119882 0.185774 -0.4141
0.120034 0.185841 -0.410767
0.120187 0.185907 -0.407433
0.12034 0.185973 -0.4041
0.120494 0.186038 -0.400767
0.120647 0.186103 -0.397433
0.120801 0.186167 -0.3941
0.120955 0.186231 -0.390767
0.121109 0.186294 -0.387433
0.121264 0.186357 -0.3841
0.121418 0.186419 -0.380767
0.121573 0.186481 -0.377433
0.121728 0.186542 -0.3741
0.121883 0.186602 -0.370767
0.122039 0.186663 -0.367433
0.122195 0.186722 -0.3641
0.12235 0.186781 -0.360767
0.122506 0.18684 -0.357433
0.122663 0.186898 -0.3541
0.122819 0.186955 -0.350767
0.122976 0.187012 -0.347433
0.123133 0.187069 -0.3441
0.12329 0.187125 -0.340767
0.123447 0.18718 -0.337433
0.123604 0.187235 -0.3341
0.123762 0.18729 -0.330767
0.123919 0.187344 -0.327433
0.124077 0.187397 -0.3241
0.124235 0.18745 -0.320767
0.124394 0.187502 -0.317433
0.124552 0.187554 -0.3141
0.124711 0.187605 -0.310767
0.124869 0.187656 -0.307433
0.125028 0.187706 -0.3041
0.125187 0.187755 -0.300767
0.125347 0.187805 -0.297433
0.125506 0.187853 -0.2941
0.125666 0.187901 -0.290767
0.125825 0.187949 -0.287433
0.125985 0.187996 -0.2841
0.126145 0.188042 -0.280767
0.126306 0.188088 -0.277433
0.126466 0.188133 -0.2741
0.126626 0.188178 -0.270767
0.126787 0.188223 -0.267433
0.126948 0.188266 -0.2641
0.127109 0.18831 -0.260767
0.12727 0.188352 -0.257433
0.127431 0.188394 -0.2541
0.127593 0.188436 -0.250767
0.127754 0.188477 -0.247433
0.127916 0.188518 -0.2441
0.128078 0.188558 -0.240767
0.12824 0.188597 -0.237433
0.128402 0.188636 -0.2341
0.128564 0.188675 -0.230767
0.128726 0.188712 -0.227433
0.128889 0.18875 -0.2241
0.129051 0.188786 -0.220767
0.129214 0.188823 -0.217433
0.129377 0.188858 -0.2141
0.12954 0.188894 -0.210767
0.129703 0.188928 -0.207433
0.129866 0.188962 -0.2041
0.130029 0.188996 -0.200767
0.130192 0.189029 -0.197433
0.130356 0.189061 -0.1941
0.130519 0.189093 -0.190767
0.130683 0.189124 -0.187433
0.130847 0.189155 -0.1841
0.131011 0.189185 -0.180767
0.131175 0.189215 -0.177433
0.131339 0.189244 -0.1741
0.131503 0.189273 -0.170767
0.131667 0.189301 -0.167433
0.131832 0.189328 -0.1641
0.131996 0.189355 -0.160767
0.132161 0.189382 -0.157433
0.132325 0.189408 -0.1541
0.13249 0.189433 -0.150767
0.132655 0.189458 -0.147433
0.13282 0.189482 -0.1441
0.132985 0.189505 -0.140767
0.13315 0.189529 -0.137433
0.133315 0.189551 -0.1341
0.13348 0.189573 -0.130767
0.133646 0.189595 -0.127433
0.133811 0.189615 -0.1241
0.133976 0.189636 -0.120767
0.134142 0.189656 -0.117433
0.134307 0.189675 -0.1141
0.134473 0.189694 -0.110767
0.134639 0.189712 -0.107433
0.134804 0.189729 -0.1041
0.13497 0.189746 -0.100767
0.135136 0.189763 -0.0974334
0.135302 0.189779 -0.0941001
0.135468 0.189794 -0.0907667
0.135634 0.189809 -0.0874334
0.1358 0.189823 -0.0841001
0.135966 0.189837 -0.0807667
0.136132 0.18985 -0.0774334
0.136298 0.189863 -0.0741001
0.136465 0.189875 -0.0707667
0.136631 0.189886 -0.0674334
0.136797 0.189897 -0.0641001
0.136964 0.189908 -0.0607667
0.13713 0.189918 -0.0574334
0.137296 0.189927 -0.0541001
0.137463 0.189936 -0.0507667
0.137629 0.189944 -0.0474334
0.137796 0.189951 -0.0441001
0.137962 0.189958 -0.0407667
0.138129 0.189965 -0.0374334
0.138295 0.189971 -0.0341001
0.138462 0.189976 -0.0307667
0.138629 0.189981 -0.0274334
0.138795 0.189985 -0.0241001
0.138962 0.189989 -0.0207667
0.139128 0.189992 -0.0174334
0.139295 0.189995 -0.0141001
0.139462 0.189997 -0.0107667
0.139628 0.189999 -0.00743339
0.139795 0.19 -0.00410005
0.139962 0.19 -0.000766722
