0.05 0 0
0.05 0 0
0.05 0 0
0.05 0 0
0.05 0 0
0.05 0 0
0.05 0 0
0.05 0 0
0.05 0 0
0.05 0 0
0.05 0 0
0.05 0 0
0.05 0 0
0.05 0 0
0.05 0 0
0.05 0 0
0.05 0 0
0.05 0 0
0.05 0 0
0.05 0 0
0.05 0 0
0.05 0 0
0.05 0 0
0.05 0 0
0.05 0 0
0.05 0 0
0.05 0 0
0.05 0 0
0.05 0 0
0.05 0 0
0.05 0 0
0.05 0 0
0.05 0 0
0.05 0 0
0.05 0 0
0.05 0 0
0.05 0 0
0.05 0 0
0.05 0 0
0.05 0 0
0.05 0 0
0.05 0 0
0.05 0 0
0.05 0 0
0.05 0 0
0.05 0 0
0.05 0 0
0.05 0 0
0.05 0 0
0.05 0 0
0.05 0 0
0.05 0 0
0.05 0 0
0.05 0 0
0.05 0 0
0.05 0 0
0.05 0 0
0.05 0 0
0.05 0 0
0.05 0 0
0.05 0 0
0.05 0 0
0.05 0 0
0.05 0 0
0.05 0 0
0.05 0 0
0.05 0 0
0.05 0 0
0.05 0 0
0.05 0 0
0.05 0 0
0.05 0 0
0.05 0 0
0.05 0 0
0.05 0 0
0.05 0 0
0.05 0 0
0.05 0 0
0.05 0 0
0.05 0 0
0.05 0 0
0.05 0 0
0.05 0 0
0.05 0 0
0.05 0 0
0.05 0 0
0.05 0 0
0.05 0 0
0.05 0 0
0.05 0 0
0.05 0 0
0.05 0 0
0.05 0 0
0.05 0 0
0.05 0 0
0.05 0 0
0.05 0 0
0.05 0 0
0.05 0 0
0.05 0 0
0.05 0 0
0.05 0 0
0.05 0 0
0.05 0 0
0.05 0 0
0.05 0 0
0.05 0 0
0.05 0 0
0.05 0 0
0.05 0 0
0.05 0 0
0.05 0 0
0.05 0 0
0.05 0 0
0.05 0 0
0.05 0 0
0.05 0 0
0.05 0 0
0.05 0 0
0.05 0 0
0.05 0 0
0.05 0 0
0.05 0 0
0.05 0 0
0.05 0 0
0.05 0 0
0.05 0 0
0.05 0 0
0.05 0 0
0.05 0 0
0.05 0 0
0.05 0 0
0.05 0 0
0.05 0 0
0.05 0 0
0.05 0 0
0.05 0 0
0.05 0 0
0.05 0 0
0.05 0 0
0.05 0 0
0.05 0 0
0.05 0 0
0.05 0 0
0.05 0 0
0.05 0 0
0.05 0 0
0.05 0 0
0.05 0 0
0.05 0 0
0.05 0 0
0.05 0 0
0.05 0 0
0.05 0 0
0.05 0 0
0.05 0 0
0.05 0 0
0.05 0 0
0.05 0 0
0.05 0 0
0.05 0 0
0.05 0 0
0.05 0 0
0.05 0 0
0.05 0 0
0.05 0 0
0.05 0 0
0.05 0 0
0.05 0 0
0.05 0 0
0.05 0 0
0.05 0 0
0.05 0 0
0.05 0 0
0.05 0 0
0.05 0 0
0.05 0 0
0.05 0 0
0.05 0 0
0.05 0 0
0.05 0 0
0.05 0 0
0.05 0 0
0.05 0 0
0.05 0 0
0.05 0 0
0.05 0 0
0.05 0 0
0.05 0 0
0.05 0 0
0.05 0 0
0.05 0 0
0.05 0 0
0.05 0 0
0.05 0 0
0.05 0 0
0.05 0 0
0.05 0 0
0.05 0 0
0.05 0 0
0.05 0 0
0.05 0 0
0.05 0 0
0.05 0 0
0.05 0 0
0.05 0 0
0.05 0 0
0.05 0 0
0.05 0 0
0.05 0 0
0.05 0 0
0.05 0 0
0.05 0 0
0.05 0 0
0.05 0 0
0.05 0 0
0.05 0 0
0.05 0 0
0.05 0 0
0.05 0 0
0.05 0 0
0.05 0 0
0.05 0 0
0.05 0 0
0.05 0 0
0.05 0 0
0.05 0 0
0.05 0 0
0.05 0 0
0.05 0 0
0.05 0 0
0.05 0 0
0.05 0 0
0.05 0 0
0.05 0 0
0.05 0 0
0.05 0 0
0.05 0 0
0.05 0 0
0.05 0 0
0.05 0 0
0.05 0 0
0.05 0 0
0.05 0 0
0.05 0 0
0.05 0 0
0.05 0 0
0.05 0 0
0.05 0 0
0.05 0 0
0.05 0 0
0.05 0 0
0.05 0 0
0.05 0 0
0.05 0 0
0.05 0 0
0.05 0 0
0.05 0 0
0.05 0 0
0.05 0 0
0.05 0 0
0.05 0 0
0.05 0 0
0.05 0 0
0.05 0 0
0.05 0 0
0.05 0 0
0.05 0 0
0.05 0 0
0.05 0 0
0.05 0 0
0.05 0 0
0.05 0 0
0.05 0 0
0.05 0 0
0.05 0 0
0.05 0 0
0.05 0 0
0.05 0 0
0.05 0 0
0.05 0 0
0.05 0 0
0.05 0 0
0.05 0 0
0.05 0 0
0.05 0 0
0.05 0 0
0.05 0 0
0.05 0 0
0.05 0 0
0.05 0 0
0.05 0 0
0.05 0 0
0.05 0 0
0.05 0 0
0.05 0 0
0.05 0 0
0.05 0 0
0.05 0 0
0.05 0 0
0.05 0 0
0.0499996 0.000208333 -1.25
0.0499983 0.000416662 -1.25
0.0499961 0.000624984 -1.25
0.0499931 0.000833295 -1.25
0.0499891 0.00104159 -1.25
0.0499844 0.00124987 -1.25
0.0499787 0.00145813 -1.25
0.0499722 0.00166636 -1.25
0.0499648 0.00187456 -1.25
0.0499566 0.00208273 -1.25
0.0499475 0.00229086 -1.25
0.0499375 0.00249896 -1.25
0.0499267 0.00270701 -1.25
0.049915 0.00291501 -1.25
0.0499024 0.00312297 -1.25
0.0498889 0.00333086 -1.25
0.0498746 0.00353871 -1.25
0.0498594 0.00374649 -1.25
0.0498434 0.0039542 -1.25
0.0498265 0.00416185 -1.25
0.0498087 0.00436942 -1.25
0.0497901 0.00457692 -1.25
0.0497706 0.00478434 -1.25
0.0497502 0.00499167 -1.25
0.049729 0.00519892 -1.25
0.0497069 0.00540608 -1.25
0.0496839 0.00561314 -1.25
0.0496601 0.00582011 -1.25
0.0496354 0.00602698 -1.25
0.0496099 0.00623374 -1.25
0.0495835 0.00644039 -1.25
0.0495562 0.00664693 -1.25
0.0495281 0.00685336 -1.25
0.0494991 0.00705966 -1.25
0.0494693 0.00726585 -1.25
0.0494386 0.00747191 -1.25
0.049407 0.00767784 -1.25
0.0493746 0.00788363 -1.25
0.0493413 0.00808929 -1.25
0.0493072 0.00829481 -1.25
0.0492722 0.00850018 -1.25
0.0492363 0.00870541 -1.25
0.0491996 0.00891048 -1.25
0.0491621 0.0091154 -1.25
0.0491237 0.00932016 -1.25
0.0490844 0.00952477 -1.25
0.0490443 0.0097292 -1.25
0.0490033 0.00993347 -1.25
0.0489615 0.0101376 -1.25
0.0489188 0.0103415 -1.25
0.0488753 0.0105452 -1.25
0.048831 0.0107488 -1.25
0.0487858 0.0109521 -1.25
0.0487397 0.0111553 -1.25
0.0486928 0.0113583 -1.25
0.0486451 0.0115611 -1.25
0.0485965 0.0117637 -1.25
0.048547 0.0119661 -1.25
0.0484967 0.0121682 -1.25
0.0484456 0.0123702 -1.25
0.0483937 0.0125719 -1.25
0.0483409 0.0127735 -1.25
0.0482872 0.0129748 -1.25
0.0482327 0.0131759 -1.25
0.0481774 0.0133767 -1.25
0.0481213 0.0135773 -1.25
0.0480643 0.0137777 -1.25
0.0480064 0.0139779 -1.25
0.0479478 0.0141778 -1.25
0.0478883 0.0143774 -1.25
0.047828 0.0145769 -1.25
0.0477668 0.014776 -1.25
0.0477048 0.0149749 -1.25
0.047642 0.0151735 -1.25
0.0475784 0.0153719 -1.25
0.0475139 0.01557 -1.25
0.0474486 0.0157679 -1.25
0.0473825 0.0159654 -1.25
0.0473156 0.0161627 -1.25
0.0472478 0.0163597 -1.25
0.0471793 0.0165565 -1.25
0.0471099 0.0167529 -1.25
0.0470397 0.016949 -1.25
0.0469686 0.0171449 -1.25
0.0468968 0.0173404 -1.25
0.0468241 0.0175357 -1.25
0.0467507 0.0177306 -1.25
0.0466764 0.0179253 -1.25
0.0466013 0.0181196 -1.25
0.0465254 0.0183136 -1.25
0.0464487 0.0185073 -1.25
0.0463712 0.0187007 -1.25
0.0462928 0.0188937 -1.25
0.0462137 0.0190865 -1.25
0.0461338 0.0192789 -1.25
0.046053 0.0194709 -1.25
0.0459715 0.0196626 -1.25
0.0458892 0.019854 -1.25
0.0458061 0.020045 -1.25
0.0457222 0.0202357 -1.25
0.0456374 0.0204261 -1.25
0.0455519 0.020616 -1.25
0.0454656 0.0208057 -1.25
0.0453786 0.0209949 -1.25
0.0452907 0.0211838 -1.25
0.045202 0.0213723 -1.25
0.0451126 0.0215605 -1.25
0.0450224 0.0217483 -1.25
0.0449313 0.0219357 -1.25
0.0448396 0.0221227 -1.25
0.044747 0.0223093 -1.25
0.0446536 0.0224956 -1.25
0.0445595 0.0226815 -1.25
0.0444646 0.0228669 -1.25
0.044369 0.023052 -1.25
0.0442725 0.0232367 -1.25
0.0441753 0.0234209 -1.25
0.0440774 0.0236048 -1.25
0.0439786 0.0237882 -1.25
0.0438791 0.0239713 -1.25
0.0437789 0.0241539 -1.25
0.0436778 0.0243361 -1.25
0.0435761 0.0245179 -1.25
0.0434735 0.0246992 -1.25
0.0433702 0.0248802 -1.25
0.0432662 0.0250607 -1.25
0.0431614 0.0252407 -1.25
0.0430559 0.0254203 -1.25
0.0429496 0.0255995 -1.25
0.0428425 0.0257782 -1.25
0.0427347 0.0259565 -1.25
0.0426262 0.0261344 -1.25
0.042517 0.0263117 -1.25
0.042407 0.0264887 -1.25
0.0422962 0.0266651 -1.25
0.0421848 0.0268411 -1.25
0.0420725 0.0270167 -1.25
0.0419596 0.0271917 -1.25
0.041846 0.0273663 -1.25
0.0417316 0.0275405 -1.25
0.0416164 0.0277141 -1.25
0.0415006 0.0278873 -1.25
0.0413841 0.0280599 -1.25
0.0412668 0.0282321 -1.25
0.0411488 0.0284038 -1.25
0.0410301 0.028575 -1.25
0.0409107 0.0287457 -1.25
0.0407905 0.028916 -1.25
0.0406697 0.0290857 -1.25
0.0405482 0.0292549 -1.25
0.0404259 0.0294236 -1.25
0.040303 0.0295917 -1.25
0.0401793 0.0297594 -1.25
0.040055 0.0299266 -1.25
0.0399299 0.0300932 -1.25
0.0398042 0.0302593 -1.25
0.0396778 0.0304249 -1.25
0.0395506 0.03059 -1.25
0.0394228 0.0307545 -1.25
0.0392944 0.0309185 -1.25
0.0391652 0.0310819 -1.25
0.0390353 0.0312449 -1.25
0.0389048 0.0314072 -1.25
0.0387736 0.0315691 -1.25
0.0386417 0.0317304 -1.25
0.0385092 0.0318911 -1.25
0.038376 0.0320513 -1.25
0.0382421 0.0322109 -1.25
0.0381076 0.0323699 -1.25
0.0379724 0.0325284 -1.25
0.0378365 0.0326864 -1.25
0.0377 0.0328437 -1.25
0.0375628 0.0330005 -1.25
0.037425 0.0331568 -1.25
0.0372865 0.0333124 -1.25
0.0371474 0.0334675 -1.25
0.0370076 0.033622 -1.25
0.0368672 0.0337759 -1.25
0.0367261 0.0339292 -1.25
0.0365844 0.0340819 -1.25
0.0364421 0.0342341 -1.25
0.0362992 0.0343856 -1.25
0.0361556 0.0345366 -1.25
0.0360114 0.0346869 -1.25
0.0358665 0.0348367 -1.25
0.0357211 0.0349858 -1.25
0.035575 0.0351343 -1.25
0.0354283 0.0352823 -1.25
0.0352809 0.0354296 -1.25
0.035133 0.0355763 -1.25
0.0349845 0.0357223 -1.25
0.0348353 0.0358678 -1.25
0.0346856 0.0360126 -1.25
0.0345352 0.0361569 -1.25
0.0343843 0.0363004 -1.25
0.0342327 0.0364434 -1.25
0.0340806 0.0365857 -1.25
0.0339278 0.0367274 -1.25
0.0337745 0.0368684 -1.25
0.0336206 0.0370088 -1.25
0.0334661 0.0371486 -1.25
0.033311 0.0372877 -1.25
0.0331554 0.0374262 -1.25
0.0329992 0.037564 -1.25
0.0328424 0.0377012 -1.25
0.032685 0.0378377 -1.25
0.032527 0.0379736 -1.25
0.0323685 0.0381088 -1.25
0.0322095 0.0382433 -1.25
0.0320498 0.0383772 -1.25
0.0318897 0.0385104 -1.25
0.0317289 0.0386429 -1.25
0.0315676 0.0387748 -1.25
0.0314058 0.038906 -1.25
0.0312434 0.0390365 -1.25
0.0310805 0.0391663 -1.25
0.030917 0.0392955 -1.25
0.030753 0.039424 -1.25
0.0305885 0.0395518 -1.25
0.0304234 0.0396789 -1.25
0.0302578 0.0398053 -1.25
0.0300917 0.039931 -1.25
0.0299251 0.0400561 -1.25
0.0297579 0.0401804 -1.25
0.0295903 0.0403041 -1.25
0.0294221 0.040427 -1.25
0.0292534 0.0405492 -1.25
0.0290842 0.0406708 -1.25
0.0289144 0.0407916 -1.25
0.0287442 0.0409117 -1.25
0.0285735 0.0410311 -1.25
0.0284023 0.0411498 -1.25
0.0282306 0.0412678 -1.25
0.0280584 0.0413851 -1.25
0.0278857 0.0415016 -1.25
0.0277126 0.0416175 -1.25
0.0275389 0.0417326 -1.25
0.0273648 0.041847 -1.25
0.0271902 0.0419606 -1.25
0.0270151 0.0420735 -1.25
0.0268396 0.0421857 -1.25
0.0266636 0.0422972 -1.25
0.0264871 0.0424079 -1.25
0.0263102 0.0425179 -1.25
0.0261328 0.0426272 -1.25
0.0259549 0.0427357 -1.25
0.0257767 0.0428435 -1.25
0.0255979 0.0429505 -1.25
0.0254187 0.0430568 -1.25
0.0252391 0.0431623 -1.25
0.025059 0.0432671 -1.25
0.0248786 0.0433712 -1.25
0.0246976 0.0434744 -1.25
0.0245163 0.043577 -1.25
0.0243345 0.0436787 -1.25
0.0241523 0.0437798 -1.25
0.0239697 0.04388 -1.25
0.0237866 0.0439795 -1.25
0.0236032 0.0440782 -1.25
0.0234193 0.0441762 -1.25
0.023235 0.0442734 -1.25
0.0230504 0.0443698 -1.25
0.0228653 0.0444655 -1.25
0.0226798 0.0445604 -1.25
0.0224939 0.0446545 -1.25
0.0223077 0.0447478 -1.25
0.022121 0.0448404 -1.25
0.021934 0.0449322 -1.25
0.0217466 0.0450232 -1.25
0.0215588 0.0451134 -1.25
0.0213707 0.0452028 -1.25
0.0211821 0.0452915 -1.25
0.0209932 0.0453793 -1.25
0.020804 0.0454664 -1.25
0.0206144 0.0455527 -1.25
0.0204244 0.0456382 -1.25
0.020234 0.0457229 -1.25
0.0200433 0.0458068 -1.25
0.0198523 0.0458899 -1.25
0.0196609 0.0459722 -1.25
0.0194692 0.0460538 -1.25
0.0192772 0.0461345 -1.25
0.0190848 0.0462144 -1.25
0.018892 0.0462935 -1.25
0.018699 0.0463718 -1.25
0.0185056 0.0464494 -1.25
0.0183119 0.0465261 -1.25
0.0181179 0.046602 -1.25
0.0179236 0.046677 -1.25
0.0177289 0.0467513 -1.25
0.017534 0.0468248 -1.25
0.0173387 0.0468974 -1.25
0.0171432 0.0469693 -1.25
0.0169473 0.0470403 -1.25
0.0167512 0.0471105 -1.25
0.0165547 0.0471799 -1.25
0.016358 0.0472485 -1.25
0.016161 0.0473162 -1.25
0.0159637 0.0473831 -1.25
0.0157661 0.0474492 -1.25
0.0155683 0.0475145 -1.25
0.0153702 0.047579 -1.25
0.0151718 0.0476426 -1.25
0.0149731 0.0477054 -1.25
0.0147742 0.0477674 -1.25
0.0145751 0.0478285 -1.25
0.0143757 0.0478888 -1.25
0.014176 0.0479483 -1.25
0.0139761 0.048007 -1.25
0.013776 0.0480648 -1.25
0.0135756 0.0481218 -1.25
0.0133749 0.0481779 -1.25
0.0131741 0.0482332 -1.25
0.012973 0.0482877 -1.25
0.0127717 0.0483413 -1.25
0.0125702 0.0483941 -1.25
0.0123684 0.0484461 -1.25
0.0121664 0.0484972 -1.25
0.0119643 0.0485475 -1.25
0.0117619 0.0485969 -1.25
0.0115593 0.0486455 -1.25
0.0113565 0.0486932 -1.25
0.0111535 0.0487401 -1.25
0.0109503 0.0487862 -1.25
0.010747 0.0488314 -1.25
0.0105434 0.0488757 -1.25
0.0103397 0.0489192 -1.25
0.0101357 0.0489619 -1.25
0.00993165 0.0490037 -1.25
0.00972739 0.0490447 -1.25
0.00952295 0.0490848 -1.25
0.00931835 0.049124 -1.25
0.00911358 0.0491624 -1.25
0.00890866 0.0492 -1.25
0.00870358 0.0492366 -1.25
0.00849836 0.0492725 -1.25
0.00829298 0.0493075 -1.25
0.00808746 0.0493416 -1.25
0.0078818 0.0493749 -1.25
0.00767601 0.0494073 -1.25
0.00747008 0.0494388 -1.25
0.00726402 0.0494695 -1.25
0.00705783 0.0494994 -1.25
0.00685152 0.0495283 -1.25
0.0066451 0.0495565 -1.25
0.00643855 0.0495837 -1.25
0.0062319 0.0496101 -1.25
0.00602514 0.0496356 -1.25
0.00581827 0.0496603 -1.25
0.0056113 0.0496841 -1.25
0.00540424 0.0497071 -1.25
0.00519708 0.0497292 -1.25
0.00498983 0.0497504 -1.25
0.00478249 0.0497708 -1.25
0.00457507 0.0497902 -1.25
0.00436758 0.0498089 -1.25
0.00416 0.0498266 -1.25
0.00395236 0.0498435 -1.25
0.00374464 0.0498596 -1.25
0.00353686 0.0498747 -1.25
0.00332902 0.0498891 -1.25
0.00312112 0.0499025 -1.25
0.00291317 0.0499151 -1.25
0.00270516 0.0499268 -1.25
0.00249711 0.0499376 -1.25
0.00228902 0.0499476 -1.25
0.00208088 0.0499567 -1.25
0.00187271 0.0499649 -1.25
0.00166451 0.0499723 -1.25
0.00145628 0.0499788 -1.25
0.00124802 0.0499844 -1.25
0.00103974 0.0499892 -1.25
0.000831445 0.0499931 -1.25
0.000623134 0.0499961 -1.25
0.000414812 0.0499983 -1.25
0.000206482 0.0499996 -1.25
0 0.05 0
0 0.05 0
0 0.05 0
0 0.05 0
0 0.05 0
0 0.05 0
0 0.05 0
0 0.05 0
0 0.05 0
0 0.05 0
0 0.05 0
0 0.05 0
0 0.05 0
0 0.05 0
0 0.05 0
0 0.05 0
0 0.05 0
0 0.05 0
0 0.05 0
0 0.05 0
0 0.05 0
0 0.05 0
0 0.05 0
0 0.05 0
0 0.05 0
0 0.05 0
0 0.05 0
0 0.05 0
0 0.05 0
0 0.05 0
0 0.05 0
0 0.05 0
0 0.05 0
0 0.05 0
0 0.05 0
0 0.05 0
0 0.05 0
0 0.05 0
0 0.05 0
0 0.05 0
0 0.05 0
0 0.05 0
0 0.05 0
0 0.05 0
0 0.05 0
0 0.05 0
0 0.05 0
0 0.05 0
0 0.05 0
0 0.05 0
0 0.05 0
0 0.05 0
0 0.05 0
0 0.05 0
0 0.05 0
0 0.05 0
0 0.05 0
0 0.05 0
0 0.05 0
0 0.05 0
0 0.05 0
0 0.05 0
0 0.05 0
0 0.05 0
0 0.05 0
0 0.05 0
0 0.05 0
0 0.05 0
0 0.05 0
0 0.05 0
0 0.05 0
0 0.05 0
0 0.05 0
0 0.05 0
0 0.05 0
0 0.05 0
0 0.05 0
0 0.05 0
0 0.05 0
0 0.05 0
0 0.05 0
0 0.05 0
0 0.05 0
0 0.05 0
0 0.05 0
0 0.05 0
0 0.05 0
0 0.05 0
0 0.05 0
0 0.05 0
0 0.05 0
0 0.05 0
0 0.05 0
0 0.05 0
0 0.05 0
0 0.05 0
0 0.05 0
0 0.05 0
0 0.05 0
0 0.05 0
0 0.05 0
0 0.05 0
0 0.05 0
0 0.05 0
0 0.05 0
0 0.05 0
0 0.05 0
0 0.05 0
0 0.05 0
0 0.05 0
0 0.05 0
0 0.05 0
0 0.05 0
0 0.05 0
0 0.05 0
0 0.05 0
0 0.05 0
0 0.05 0
0 0.05 0
0 0.05 0
0 0.05 0
0 0.05 0
0 0.05 0
0 0.05 0
0 0.05 0
0 0.05 0
0 0.05 0
0 0.05 0
0 0.05 0
0 0.05 0
0 0.05 0
0 0.05 0
0 0.05 0
0 0.05 0
0 0.05 0
0 0.05 0
0 0.05 0
0 0.05 0
0 0.05 0
0 0.05 0
0 0.05 0
0 0.05 0
0 0.05 0
0 0.05 0
0 0.05 0
0 0.05 0
0 0.05 0
0 0.05 0
0 0.05 0
0 0.05 0
0 0.05 0
0 0.05 0
0 0.05 0
0 0.05 0
0 0.05 0
0 0.05 0
0 0.05 0
0 0.05 0
0 0.05 0
0 0.05 0
0 0.05 0
0 0.05 0
0 0.05 0
0 0.05 0
0 0.05 0
0 0.05 0
0 0.05 0
0 0.05 0
0 0.05 0
0 0.05 0
0 0.05 0
0 0.05 0
0 0.05 0
0 0.05 0
0 0.05 0
0 0.05 0
0 0.05 0
0 0.05 0
0 0.05 0
0 0.05 0
0 0.05 0
0 0.05 0
0 0.05 0
0 0.05 0
0 0.05 0
0 0.05 0
0 0.05 0
0 0.05 0
0 0.05 0
0 0.05 0
0 0.05 0
0 0.05 0
0 0.05 0
0 0.05 0
0 0.05 0
0 0.05 0
0 0.05 0
0 0.05 0
0 0.05 0
0 0.05 0
0 0.05 0
0 0.05 0
0 0.05 0
0 0.05 0
0 0.05 0
0 0.05 0
0 0.05 0
0 0.05 0
0 0.05 0
0 0.05 0
0 0.05 0
0 0.05 0
0 0.05 0
0 0.05 0
0 0.05 0
0 0.05 0
0 0.05 0
0 0.05 0
0 0.05 0
0 0.05 0
0 0.05 0
0 0.05 0
0 0.05 0
0 0.05 0
0 0.05 0
0 0.05 0
0 0.05 0
0 0.05 0
0 0.05 0
0 0.05 0
0 0.05 0
0 0.05 0
0 0.05 0
0 0.05 0
0 0.05 0
0 0.05 0
0 0.05 0
0 0.05 0
0 0.05 0
0 0.05 0
0 0.05 0
0 0.05 0
0 0.05 0
0 0.05 0
0 0.05 0
0 0.05 0
0 0.05 0
0 0.05 0
0 0.05 0
0 0.05 0
0 0.05 0
0 0.05 0
0 0.05 0
0 0.05 0
0 0.05 0
0 0.05 0
0 0.05 0
0 0.05 0
0 0.05 0
0 0.05 0
0 0.05 0
0 0.05 0
0 0.05 0
0 0.05 0
0 0.05 0
0 0.05 0
0 0.05 0
0 0.05 0
0 0.05 0
0 0.05 0
0 0.05 0
0 0.05 0
0 0.05 0
0 0.05 0
0 0.05 0
0 0.05 0
0 0.05 0
0 0.05 0
0 0.05 0
0 0.05 0
0 0.05 0
0 0.05 0
0 0.05 0
0 0.05 0
0 0.05 0
0 0.05 0
0 0.05 0
0 0.05 0
0 0.05 0
0 0.05 0
0 0.05 0
0 0.05 0
0 0.05 0
0 0.05 0
0 0.05 0
0 0.05 0
0 0.05 0
0 0.05 0
0 0.05 0
0 0.05 0
0 0.05 0
0 0.05 0
0 0.05 0
0 0.05 0
0 0.05 0
0 0.05 0
0 0.05 0
0 0.05 0
0 0.05 0
0 0.05 0
0 0.05 0
0 0.05 0
0 0.05 0
0 0.05 0
0 0.05 0
0 0.05 0
0 0.05 0
0 0.05 0
0 0.05 0
0 0.05 0
0 0.05 0
0 0.05 0
0 0.05 0
0 0.05 0
0 0.05 0
0 0.05 0
0 0.05 0
0 0.05 0
0 0.05 0
0 0.05 0
0 0.05 0
0 0.05 0
0 0.05 0
0 0.05 0
0 0.05 0
0 0.05 0
0 0.05 0
0 0.05 0
0 0.05 0
0 0.05 0
0 0.05 0
0 0.05 0
0 0.05 0
0 0.05 0
0 0.05 0
0 0.05 0
0 0.05 0
0 0.05 0
0 0.05 0
0 0.05 0
0 0.05 0
0 0.05 0
0 0.05 0
0 0.05 0
0 0.05 0
0 0.05 0
0 0.05 0
0 0.05 0
0 0.05 0
0 0.05 0
0 0.05 0
0 0.05 0
0 0.05 0
0 0.05 0
0 0.05 0
0 0.05 0
0 0.05 0
0 0.05 0
0 0.05 0
0 0.05 0
0 0.05 0
0 0.05 0
0 0.05 0
0 0.05 0
0 0.05 0
0 0.05 0
0 0.05 0
0 0.05 0
0 0.05 0
0 0.05 0
0 0.05 0
0 0.05 0
0 0.05 0
0 0.05 0
0 0.05 0
0 0.05 0
0 0.05 0
0 0.05 0
0 0.05 0
0 0.05 0
0 0.05 0
0 0.05 0
0 0.05 0
0 0.05 0
0 0.05 0
0 0.05 0
0 0.05 0
0 0.05 0
0 0.05 0
0 0.05 0
0 0.05 0
0 0.05 0
0 0.05 0
0 0.05 0
0 0.05 0
0 0.05 0
0 0.05 0
0 0.05 0
0 0.05 0
0 0.05 0
0 0.05 0
0 0.05 0
0 0.05 0
0 0.05 0
0 0.05 0
0 0.05 0
0 0.05 0
0 0.05 0
0 0.05 0
0 0.05 0
0 0.05 0
0 0.05 0
0 0.05 0
0 0.05 0
0 0.05 0
0 0.05 0
0 0.05 0
0 0.05 0
0 0.05 0
0 0.05 0
0 0.05 0
0 0.05 0
0 0.05 0
0 0.05 0
0 0.05 0
0 0.05 0
0 0.05 0
0 0.05 0
0 0.05 0
0 0.05 0
0 0.05 0
0 0.05 0
0 0.05 0
0 0.05 0
0 0.05 0
0 0.05 0
0 0.05 0
0 0.05 0
0 0.05 0
0 0.05 0
0 0.05 0
0 0.05 0
0 0.05 0
0 0.05 0
0 0.05 0
0 0.05 0
0 0.05 0
0 0.05 0
0 0.05 0
0 0.05 0
0 0.05 0
0 0.05 0
0 0.05 0
0 0.05 0
0 0.05 0
0 0.05 0
0 0.05 0
0 0.05 0
0 0.05 0
0 0.05 0
0 0.05 0
0 0.05 0
0 0.05 0
0 0.05 0
0 0.05 0
0 0.05 0
0 0.05 0
0 0.05 0
0 0.05 0
0 0.05 0
0 0.05 0
0 0.05 0
0 0.05 0
0 0.05 0
0 0.05 0
0 0.05 0
0 0.05 0
0 0.05 0
0 0.05 0
0 0.05 0
0 0.05 0
0 0.05 0
0 0.05 0
0 0.05 0
0 0.05 0
0 0.05 0
0 0.05 0
0 0.05 0
0 0.05 0
0 0.05 0
0 0.05 0
0 0.05 0
0 0.05 0
0 0.05 0
0 0.05 0
0 0.05 0
0 0.05 0
0 0.05 0
0 0.05 0
0 0.05 0
0 0.05 0
0 0.05 0
0 0.05 0
0 0.05 0
0 0.05 0
0 0.05 0
0 0.05 0
0 0.05 0
0 0.05 0
0 0.05 0
0 0.05 0
0 0.05 0
0 0.05 0
0 0.05 0
0 0.05 0
0 0.05 0
0 0.05 0
0 0.05 0
0 0.05 0
0 0.05 0
0 0.05 0
0 0.05 0
0 0.05 0
0 0.05 0
0 0.05 0
0 0.05 0
0 0.05 0
0 0.05 0
0 0.05 0
0 0.05 0
0 0.05 0
0 0.05 0
0 0.05 0
0 0.05 0
0 0.05 0
0 0.05 0
0 0.05 0
0 0.05 0
0 0.05 0
0 0.05 0
0 0.05 0
0 0.05 0
0 0.05 0
0 0.05 0
0 0.05 0
0 0.05 0
0 0.05 0
0 0.05 0
0 0.05 0
0 0.05 0
0 0.05 0
0 0.05 0
0 0.05 0
0 0.05 0
0 0.05 0
0 0.05 0
0 0.05 0
0 0.05 0
0 0.05 0
0 0.05 0
0 0.05 0
0 0.05 0
0 0.05 0
0 0.05 0
0 0.05 0
0 0.05 0
0 0.05 0
0 0.05 0
0 0.05 0
0 0.05 0
0 0.05 0
0 0.05 0
0 0.05 0
0 0.05 0
0 0.05 0
0 0.05 0
0 0.05 0
0 0.05 0
0 0.05 0
0 0.05 0
0 0.05 0
0 0.05 0
0 0.05 0
0 0.05 0
0 0.05 0
0 0.05 0
0 0.05 0
0 0.05 0
0 0.05 0
0 0.05 0
1.48026e-06 0.05 1
0.000168147 0.0499997 1
0.000334811 0.0499989 1
0.000501472 0.0499975 1
0.000668127 0.0499955 1
0.000834775 0.049993 1
0.00100141 0.04999 1
0.00116804 0.0499864 1
0.00133466 0.0499822 1
0.00150125 0.0499775 1
0.00166784 0.0499722 1
0.0018344 0.0499663 1
0.00200095 0.0499599 1
0.00216747 0.049953 1
0.00233397 0.0499455 1
0.00250044 0.0499374 1
0.00266688 0.0499288 1
0.0028333 0.0499197 1
0.00299968 0.0499099 1
0.00316603 0.0498997 1
0.00333234 0.0498888 1
0.00349862 0.0498774 1
0.00366486 0.0498655 1
0.00383106 0.049853 1
0.00399721 0.04984 1
0.00416332 0.0498264 1
0.00432939 0.0498122 1
0.0044954 0.0497975 1
0.00466137 0.0497822 1
0.00482728 0.0497664 1
0.00499314 0.0497501 1
0.00515895 0.0497331 1
0.0053247 0.0497157 1
0.00549039 0.0496976 1
0.00565601 0.0496791 1
0.00582158 0.0496599 1
0.00598708 0.0496403 1
0.00615251 0.04962 1
0.00631788 0.0495992 1
0.00648317 0.0495779 1
0.0066484 0.049556 1
0.00681355 0.0495336 1
0.00697862 0.0495106 1
0.00714362 0.0494871 1
0.00730853 0.049463 1
0.00747337 0.0494383 1
0.00763812 0.0494131 1
0.00780279 0.0493874 1
0.00796737 0.0493611 1
0.00813186 0.0493343 1
0.00829627 0.0493069 1
0.00846058 0.049279 1
0.00862479 0.0492505 1
0.00878891 0.0492215 1
0.00895294 0.0491919 1
0.00911686 0.0491618 1
0.00928068 0.0491311 1
0.0094444 0.0490999 1
0.00960801 0.0490682 1
0.00977152 0.0490359 1
0.00993492 0.049003 1
0.0100982 0.0489696 1
0.0102614 0.0489357 1
0.0104244 0.0489012 1
0.0105874 0.0488662 1
0.0107502 0.0488307 1
0.0109129 0.0487945 1
0.0110755 0.0487579 1
0.011238 0.0487207 1
0.0114003 0.048683 1
0.0115625 0.0486447 1
0.0117246 0.0486059 1
0.0118866 0.0485665 1
0.0120484 0.0485267 1
0.0122101 0.0484862 1
0.0123716 0.0484453 1
0.012533 0.0484037 1
0.0126943 0.0483617 1
0.0128555 0.0483191 1
0.0130165 0.048276 1
0.0131773 0.0482323 1
0.013338 0.0481881 1
0.0134986 0.0481434 1
0.013659 0.0480982 1
0.0138192 0.0480524 1
0.0139793 0.048006 1
0.0141392 0.0479592 1
0.014299 0.0479118 1
0.0144587 0.0478638 1
0.0146181 0.0478154 1
0.0147774 0.0477664 1
0.0149366 0.0477169 1
0.0150955 0.0476668 1
0.0152543 0.0476162 1
0.015413 0.0475651 1
0.0155714 0.0475135 1
0.0157297 0.0474613 1
0.0158878 0.0474086 1
0.0160458 0.0473554 1
0.0162036 0.0473016 1
0.0163611 0.0472474 1
0.0165185 0.0471926 1
0.0166758 0.0471372 1
0.0168328 0.0470814 1
0.0169896 0.047025 1
0.0171463 0.0469681 1
0.0173027 0.0469107 1
0.017459 0.0468528 1
0.0176151 0.0467943 1
0.017771 0.0467353 1
0.0179267 0.0466758 1
0.0180822 0.0466158 1
0.0182374 0.0465553 1
0.0183925 0.0464942 1
0.0185474 0.0464327 1
0.0187021 0.0463706 1
0.0188565 0.046308 1
0.0190108 0.0462449 1
0.0191648 0.0461813 1
0.0193187 0.0461171 1
0.0194723 0.0460525 1
0.0196257 0.0459873 1
0.0197789 0.0459216 1
0.0199318 0.0458555 1
0.0200846 0.0457888 1
0.0202371 0.0457216 1
0.0203894 0.0456538 1
0.0205414 0.0455856 1
0.0206933 0.0455169 1
0.0208449 0.0454477 1
0.0209963 0.0453779 1
0.0211474 0.0453077 1
0.0212983 0.045237 1
0.021449 0.0451657 1
0.0215994 0.045094 1
0.0217496 0.0450217 1
0.0218996 0.044949 1
0.0220493 0.0448757 1
0.0221987 0.044802 1
0.0223479 0.0447277 1
0.0224969 0.044653 1
0.0226456 0.0445777 1
0.0227941 0.044502 1
0.0229423 0.0444258 1
0.0230903 0.0443491 1
0.023238 0.0442718 1
0.0233854 0.0441941 1
0.0235326 0.0441159 1
0.0236795 0.0440373 1
0.0238262 0.0439581 1
0.0239726 0.0438784 1
0.0241187 0.0437983 1
0.0242646 0.0437176 1
0.0244102 0.0436365 1
0.0245555 0.0435549 1
0.0247005 0.0434728 1
0.0248453 0.0433902 1
0.0249898 0.0433072 1
0.025134 0.0432236 1
0.0252779 0.0431396 1
0.0254216 0.0430551 1
0.025565 0.0429701 1
0.0257081 0.0428847 1
0.0258509 0.0427987 1
0.0259934 0.0427123 1
0.0261356 0.0426255 1
0.0262776 0.0425381 1
0.0264192 0.0424503 1
0.0265606 0.042362 1
0.0267016 0.0422732 1
0.0268424 0.042184 1
0.0269828 0.0420942 1
0.027123 0.0420041 1
0.0272629 0.0419134 1
0.0274024 0.0418223 1
0.0275417 0.0417307 1
0.0276806 0.0416387 1
0.0278193 0.0415462 1
0.0279576 0.0414532 1
0.0280956 0.0413598 1
0.0282333 0.0412659 1
0.0283707 0.0411716 1
0.0285078 0.0410768 1
0.0286446 0.0409816 1
0.028781 0.0408858 1
0.0289172 0.0407897 1
0.029053 0.0406931 1
0.0291884 0.040596 1
0.0293236 0.0404985 1
0.0294584 0.0404005 1
0.0295929 0.0403021 1
0.0297271 0.0402032 1
0.029861 0.0401039 1
0.0299945 0.0400041 1
0.0301277 0.0399039 1
0.0302605 0.0398033 1
0.030393 0.0397022 1
0.0305252 0.0396007 1
0.030657 0.0394987 1
0.0307885 0.0393963 1
0.0309197 0.0392934 1
0.0310505 0.0391902 1
0.0311809 0.0390864 1
0.031311 0.0389823 1
0.0314408 0.0388777 1
0.0315702 0.0387727 1
0.0316993 0.0386672 1
0.031828 0.0385614 1
0.0319564 0.0384551 1
0.0320844 0.0383483 1
0.032212 0.0382412 1
0.0323393 0.0381336 1
0.0324662 0.0380256 1
0.0325928 0.0379171 1
0.032719 0.0378083 1
0.0328449 0.037699 1
0.0329703 0.0375893 1
0.0330955 0.0374792 1
0.0332202 0.0373687 1
0.0333446 0.0372577 1
0.0334686 0.0371464 1
0.0335922 0.0370346 1
0.0337155 0.0369224 1
0.0338384 0.0368098 1
0.0339609 0.0366968 1
0.034083 0.0365834 1
0.0342048 0.0364696 1
0.0343262 0.0363554 1
0.0344471 0.0362408 1
0.0345678 0.0361258 1
0.034688 0.0360103 1
0.0348078 0.0358945 1
0.0349273 0.0357783 1
0.0350463 0.0356617 1
0.035165 0.0355446 1
0.0352833 0.0354272 1
0.0354012 0.0353094 1
0.0355187 0.0351912 1
0.0356358 0.0350726 1
0.0357525 0.0349536 1
0.0358688 0.0348343 1
0.0359848 0.0347145 1
0.0361003 0.0345944 1
0.0362154 0.0344738 1
0.0363301 0.0343529 1
0.0364444 0.0342316 1
0.0365583 0.03411 1
0.0366718 0.0339879 1
0.0367849 0.0338655 1
0.0368976 0.0337427 1
0.0370098 0.0336195 1
0.0371217 0.033496 1
0.0372331 0.033372 1
0.0373442 0.0332477 1
0.0374548 0.0331231 1
0.037565 0.032998 1
0.0376748 0.0328726 1
0.0377841 0.0327469 1
0.0378931 0.0326208 1
0.0380016 0.0324943 1
0.0381097 0.0323674 1
0.0382174 0.0322402 1
0.0383247 0.0321126 1
0.0384315 0.0319847 1
0.0385379 0.0318564 1
0.0386439 0.0317278 1
0.0387494 0.0315988 1
0.0388545 0.0314695 1
0.0389592 0.0313398 1
0.0390635 0.0312097 1
0.0391673 0.0310793 1
0.0392706 0.0309486 1
0.0393736 0.0308175 1
0.0394761 0.0306861 1
0.0395782 0.0305544 1
0.0396798 0.0304223 1
0.039781 0.0302898 1
0.0398817 0.0301571 1
0.039982 0.030024 1
0.0400819 0.0298905 1
0.0401813 0.0297567 1
0.0402803 0.0296226 1
0.0403788 0.0294882 1
0.0404768 0.0293534 1
0.0405745 0.0292184 1
0.0406716 0.029083 1
0.0407684 0.0289472 1
0.0408646 0.0288112 1
0.0409604 0.0286748 1
0.0410558 0.0285381 1
0.0411507 0.0284011 1
0.0412451 0.0282638 1
0.0413391 0.0281261 1
0.0414326 0.0279882 1
0.0415257 0.0278499 1
0.0416183 0.0277113 1
0.0417104 0.0275724 1
0.0418021 0.0274333 1
0.0418933 0.0272938 1
0.0419841 0.027154 1
0.0420743 0.0270139 1
0.0421642 0.0268735 1
0.0422535 0.0267328 1
0.0423424 0.0265918 1
0.0424308 0.0264505 1
0.0425187 0.0263089 1
0.0426062 0.026167 1
0.0426932 0.0260249 1
0.0427797 0.0258824 1
0.0428657 0.0257397 1
0.0429513 0.0255966 1
0.0430364 0.0254533 1
0.043121 0.0253097 1
0.0432051 0.0251659 1
0.0432887 0.0250217 1
0.0433719 0.0248773 1
0.0434546 0.0247326 1
0.0435368 0.0245876 1
0.0436185 0.0244423 1
0.0436997 0.0242968 1
0.0437805 0.024151 1
0.0438607 0.0240049 1
0.0439405 0.0238586 1
0.0440198 0.023712 1
0.0440986 0.0235651 1
0.0441769 0.023418 1
0.0442547 0.0232706 1
0.044332 0.023123 1
0.0444089 0.0229751 1
0.0444852 0.0228269 1
0.044561 0.0226785 1
0.0446364 0.0225298 1
0.0447112 0.0223809 1
0.0447856 0.0222317 1
0.0448594 0.0220823 1
0.0449328 0.0219327 1
0.0450057 0.0217828 1
0.045078 0.0216327 1
0.0451499 0.0214823 1
0.0452212 0.0213317 1
0.0452921 0.0211808 1
0.0453624 0.0210297 1
0.0454323 0.0208784 1
0.0455016 0.0207268 1
0.0455705 0.020575 1
0.0456388 0.020423 1
0.0457066 0.0202708 1
0.0457739 0.0201183 1
0.0458407 0.0199656 1
0.045907 0.0198127 1
0.0459728 0.0196596 1
0.0460381 0.0195062 1
0.0461029 0.0193527 1
0.0461671 0.0191989 1
0.0462309 0.0190449 1
0.0462941 0.0188907 1
0.0463568 0.0187362 1
0.046419 0.0185816 1
0.0464807 0.0184268 1
0.0465418 0.0182717 1
0.0466025 0.0181165 1
0.0466626 0.0179611 1
0.0467222 0.0178054 1
0.0467813 0.0176496 1
0.0468399 0.0174935 1
0.0468979 0.0173373 1
0.0469555 0.0171809 1
0.0470125 0.0170243 1
0.047069 0.0168675 1
0.0471249 0.0167105 1
0.0471804 0.0165533 1
0.0472353 0.016396 1
0.0472897 0.0162384 1
0.0473435 0.0160807 1
0.0473969 0.0159228 1
0.0474497 0.0157647 1
0.047502 0.0156065 1
0.0475537 0.015448 1
0.047605 0.0152894 1
0.0476557 0.0151307 1
0.0477058 0.0149717 1
0.0477555 0.0148126 1
0.0478046 0.0146534 1
0.0478532 0.0144939 1
0.0479012 0.0143343 1
0.0479487 0.0141746 1
0.0479957 0.0140147 1
0.0480422 0.0138546 1
0.0480881 0.0136944 1
0.0481335 0.013534 1
0.0481783 0.0133735 1
0.0482226 0.0132128 1
0.0482664 0.013052 1
0.0483096 0.0128911 1
0.0483523 0.01273 1
0.0483945 0.0125687 1
0.0484361 0.0124073 1
0.0484772 0.0122458 1
0.0485178 0.0120842 1
0.0485578 0.0119224 1
0.0485972 0.0117604 1
0.0486362 0.0115984 1
0.0486746 0.0114362 1
0.0487124 0.0112739 1
0.0487497 0.0111115 1
0.0487865 0.0109489 1
0.0488227 0.0107862 1
0.0488584 0.0106234 1
0.0488935 0.0104605 1
0.0489281 0.0102974 1
0.0489622 0.0101343 1
0.0489957 0.00997104 1
0.0490287 0.00980766 1
0.0490611 0.00964418 1
0.049093 0.00948059 1
0.0491243 0.00931689 1
0.0491551 0.00915309 1
0.0491853 0.00898919 1
0.049215 0.00882519 1
0.0492441 0.00866109 1
0.0492727 0.0084969 1
0.0493008 0.00833261 1
0.0493283 0.00816823 1
0.0493552 0.00800375 1
0.0493816 0.00783919 1
0.0494075 0.00767454 1
0.0494328 0.00750981 1
0.0494576 0.00734499 1
0.0494818 0.00718009 1
0.0495054 0.00701511 1
0.0495285 0.00685006 1
0.0495511 0.00668492 1
0.0495731 0.00651972 1
0.0495946 0.00635444 1
0.0496155 0.00618909 1
0.0496358 0.00602367 1
0.0496556 0.00585818 1
0.0496749 0.00569263 1
0.0496936 0.00552702 1
0.0497117 0.00536134 1
0.0497293 0.00519561 1
0.0497464 0.00502981 1
0.0497629 0.00486397 1
0.0497788 0.00469806 1
0.0497942 0.00453211 1
0.049809 0.0043661 1
0.0498233 0.00420005 1
0.049837 0.00403395 1
0.0498502 0.0038678 1
0.0498628 0.00370161 1
0.0498749 0.00353538 1
0.0498864 0.00336911 1
0.0498973 0.00320281 1
0.0499077 0.00303647 1
0.0499176 0.00287009 1
0.0499268 0.00270368 1
0.0499356 0.00253725 1
0.0499438 0.00237078 1
0.0499514 0.00220429 1
0.0499585 0.00203777 1
0.049965 0.00187123 1
0.0499709 0.00170467 1
0.0499763 0.00153809 1
0.0499812 0.0013715 1
0.0499855 0.00120489 1
0.0499892 0.00103826 1
0.0499924 0.000871625 1
0.049995 0.000704979 1
0.0499971 0.000538326 1
0.0499986 0.000371666 1
0.0499996 0.000205002 1
0.05 3.83361e-05 1
